459 -1 1449 -1 1427 -1 1428 -1 -2
459 -1 460 -1 462 -1 1367 -1 464 -1 465 -1 466 -1 1189 -1 467 -1 468 -1 1529 -1 658 -1 672 -1 473 -1 474 -1 475 -1 476 -1 1471 -1 478 -1 479 -1 480 -1 1472 -1 1473 -1 1474 -1 1475 -1 1476 -1 1477 -1 1478 -1 1479 -1 1480 -1 1481 -1 1482 -1 1483 -1 1484 -1 1485 -1 1486 -1 1487 -1 1488 -1 1489 -1 1490 -1 1491 -1 1492 -1 1493 -1 1494 -1 1495 -1 1866 -1 1865 -1 1897 -1 1898 -1 1899 -1 1900 -1 1885 -1 1901 -1 1745 -1 1570 -1 1571 -1 1639 -1 1640 -1 1902 -1 645 -1 548 -1 547 -1 628 -1 629 -1 1642 -1 1643 -1 1644 -1 -2
459 -1 1311 -1 1341 -1 1903 -1 1370 -1 1904 -1 1873 -1 1905 -1 1906 -1 1385 -1 1386 -1 1907 -1 1908 -1 1845 -1 666 -1 665 -1 1685 -1 1779 -1 479 -1 1540 -1 481 -1 482 -1 483 -1 484 -1 485 -1 1909 -1 1661 -1 1603 -1 1604 -1 1605 -1 1606 -1 1607 -1 1665 -1 1666 -1 1910 -1 1610 -1 1657 -1 1668 -1 1669 -1 1614 -1 1615 -1 1616 -1 1617 -1 1618 -1 1632 -1 1911 -1 1671 -1 1621 -1 1864 -1 1866 -1 1495 -1 1496 -1 1498 -1 1744 -1 1637 -1 1745 -1 1638 -1 1503 -1 1502 -1 -2
459 -1 460 -1 462 -1 1367 -1 464 -1 465 -1 466 -1 467 -1 468 -1 469 -1 471 -1 473 -1 1555 -1 1530 -1 1577 -1 826 -1 825 -1 824 -1 823 -1 1912 -1 1913 -1 1914 -1 1915 -1 489 -1 1916 -1 1917 -1 1918 -1 1953 -1 1954 -1 1921 -1 1922 -1 1740 -1 1955 -1 1923 -1 1924 -1 1925 -1 1926 -1 1956 -1 1927 -1 1928 -1 1929 -1 1930 -1 1931 -1 1932 -1 1957 -1 1933 -1 1958 -1 1935 -1 1936 -1 1959 -1 1960 -1 1939 -1 1961 -1 1962 -1 1942 -1 1943 -1 1963 -1 1964 -1 1965 -1 1966 -1 545 -1 546 -1 547 -1 548 -1 1301 -1 1302 -1 1303 -1 1704 -1 -2
459 -1 460 -1 462 -1 1367 -1 464 -1 465 -1 466 -1 467 -1 468 -1 1529 -1 1967 -1 1389 -1 1968 -1 1969 -1 1907 -1 1846 -1 1970 -1 1971 -1 1972 -1 1519 -1 1973 -1 1974 -1 1690 -1 1482 -1 1483 -1 1696 -1 1717 -1 1718 -1 1486 -1 1487 -1 1698 -1 1699 -1 1491 -1 1492 -1 1493 -1 1494 -1 1495 -1 1496 -1 1497 -1 1498 -1 1499 -1 1501 -1 1503 -1 1502 -1 -2
459 -1 460 -1 462 -1 1367 -1 464 -1 465 -1 466 -1 467 -1 468 -1 469 -1 658 -1 1843 -1 661 -1 662 -1 1844 -1 1845 -1 1846 -1 1715 -1 1693 -1 1520 -1 1694 -1 1695 -1 1690 -1 1482 -1 1483 -1 1696 -1 1717 -1 1718 -1 1486 -1 1487 -1 1698 -1 1699 -1 1492 -1 1493 -1 1494 -1 1495 -1 1700 -1 1497 -1 1701 -1 1500 -1 1504 -1 1502 -1 1702 -1 1713 -1 -2
464 -1 465 -1 466 -1 467 -1 468 -1 469 -1 658 -1 1843 -1 1978 -1 1979 -1 1980 -1 1908 -1 1846 -1 1715 -1 1693 -1 1520 -1 1694 -1 1695 -1 1690 -1 1482 -1 1483 -1 1981 -1 1696 -1 1697 -1 1486 -1 1487 -1 1488 -1 1698 -1 1491 -1 1492 -1 1493 -1 1494 -1 1495 -1 1496 -1 1497 -1 1498 -1 1499 -1 1637 -1 1745 -1 1638 -1 1570 -1 1571 -1 1639 -1 1640 -1 1712 -1 1702 -1 1713 -1 -2
464 -1 465 -1 1189 -1 467 -1 468 -1 469 -1 658 -1 1843 -1 661 -1 662 -1 1844 -1 1845 -1 1846 -1 1715 -1 1693 -1 1520 -1 1694 -1 1695 -1 1690 -1 1482 -1 1483 -1 1696 -1 1717 -1 1718 -1 1486 -1 1487 -1 1488 -1 1698 -1 1491 -1 1492 -1 1493 -1 1494 -1 1495 -1 1496 -1 1498 -1 1744 -1 1637 -1 1745 -1 1638 -1 1570 -1 1571 -1 1639 -1 1640 -1 1712 -1 1702 -1 1713 -1 -2
464 -1 465 -1 466 -1 467 -1 468 -1 1529 -1 1967 -1 1389 -1 1980 -1 1908 -1 1846 -1 1715 -1 1693 -1 1520 -1 1694 -1 1695 -1 1690 -1 1482 -1 1483 -1 1691 -1 1692 -1 1486 -1 1487 -1 1488 -1 1490 -1 1491 -1 1492 -1 1493 -1 1494 -1 1495 -1 1496 -1 1497 -1 1499 -1 1500 -1 1501 -1 1502 -1 1503 -1 1570 -1 1571 -1 1712 -1 1640 -1 1302 -1 1303 -1 -2
464 -1 465 -1 466 -1 467 -1 468 -1 469 -1 658 -1 1843 -1 661 -1 662 -1 1844 -1 1845 -1 1846 -1 1715 -1 1693 -1 1520 -1 1694 -1 1695 -1 1689 -1 1984 -1 1690 -1 1482 -1 1483 -1 1484 -1 1692 -1 1486 -1 1487 -1 1488 -1 1489 -1 1491 -1 1492 -1 1493 -1 1494 -1 1495 -1 1496 -1 1497 -1 1499 -1 1500 -1 1501 -1 1502 -1 1503 -1 1712 -1 1303 -1 1302 -1 1644 -1 -2
464 -1 460 -1 461 -1 462 -1 1367 -1 1368 -1 1369 -1 1370 -1 1371 -1 1372 -1 1373 -1 -2
464 -1 465 -1 466 -1 467 -1 468 -1 1529 -1 1389 -1 1383 -1 1385 -1 1386 -1 1985 -1 1986 -1 1970 -1 1987 -1 1988 -1 1971 -1 1519 -1 1518 -1 1989 -1 1990 -1 1991 -1 1992 -1 1696 -1 -2
464 -1 1872 -1 1993 -1 904 -1 903 -1 902 -1 1383 -1 1384 -1 1385 -1 1386 -1 1387 -1 1388 -1 1839 -1 1987 -1 1988 -1 1971 -1 1519 -1 1973 -1 1974 -1 1690 -1 1483 -1 1981 -1 1696 -1 -2
464 -1 465 -1 1392 -1 904 -1 1994 -1 1905 -1 1995 -1 1387 -1 1388 -1 1839 -1 1840 -1 1841 -1 1842 -1 1517 -1 1518 -1 1989 -1 1973 -1 1974 -1 1690 -1 1483 -1 1981 -1 1696 -1 -2
464 -1 460 -1 461 -1 462 -1 1367 -1 1903 -1 1369 -1 1997 -1 1872 -1 1993 -1 904 -1 902 -1 1383 -1 1389 -1 1968 -1 1969 -1 1907 -1 1846 -1 1998 -1 1519 -1 1973 -1 1974 -1 1690 -1 1482 -1 1483 -1 1696 -1 1717 -1 1982 -1 1486 -1 1999 -1 -2
459 -1 460 -1 461 -1 462 -1 463 -1 464 -1 465 -1 466 -1 467 -1 468 -1 469 -1 658 -1 659 -1 660 -1 1843 -1 1967 -1 1529 -1 1389 -1 1968 -1 1969 -1 1907 -1 1985 -1 1986 -1 1970 -1 1988 -1 1972 -1 1519 -1 1989 -1 2020 -1 1990 -1 1991 -1 1992 -1 1696 -1 -2
459 -1 460 -1 461 -1 462 -1 463 -1 464 -1 465 -1 466 -1 467 -1 468 -1 469 -1 658 -1 659 -1 660 -1 661 -1 662 -1 664 -1 665 -1 667 -1 668 -1 1291 -1 1694 -1 1776 -1 1695 -1 1690 -1 1482 -1 1483 -1 1691 -1 1692 -1 1486 -1 1487 -1 1488 -1 1489 -1 1491 -1 1492 -1 1493 -1 1494 -1 1495 -1 1496 -1 1898 -1 1899 -1 2019 -1 1886 -1 2021 -1 1888 -1 1889 -1 1890 -1 2022 -1 1639 -1 1640 -1 1747 -1 645 -1 644 -1 547 -1 1642 -1 1643 -1 1644 -1 -2
459 -1 460 -1 461 -1 462 -1 463 -1 464 -1 465 -1 1392 -1 904 -1 1994 -1 1905 -1 1906 -1 1385 -1 1386 -1 1907 -1 1908 -1 1845 -1 1846 -1 1715 -1 1693 -1 1520 -1 1694 -1 1695 -1 1690 -1 1482 -1 1483 -1 1696 -1 1717 -1 1718 -1 1486 -1 1487 -1 1698 -1 1699 -1 1492 -1 1494 -1 -2
459 -1 460 -1 461 -1 462 -1 463 -1 464 -1 465 -1 466 -1 467 -1 468 -1 1529 -1 1967 -1 1389 -1 1980 -1 1908 -1 1846 -1 1715 -1 667 -1 668 -1 1291 -1 1694 -1 1776 -1 1695 -1 1690 -1 1482 -1 1483 -1 1484 -1 1485 -1 1486 -1 1487 -1 1551 -1 1550 -1 1630 -1 1631 -1 1568 -1 2025 -1 1491 -1 1493 -1 1494 -1 1495 -1 1496 -1 1497 -1 1498 -1 1499 -1 1637 -1 1638 -1 1503 -1 1570 -1 1571 -1 1639 -1 1640 -1 1641 -1 1302 -1 1643 -1 1849 -1 1706 -1 1707 -1 -2
459 -1 1311 -1 1341 -1 1903 -1 1369 -1 1997 -1 1872 -1 904 -1 902 -1 1383 -1 1389 -1 1980 -1 1908 -1 1846 -1 1715 -1 1716 -1 1693 -1 1520 -1 1694 -1 1695 -1 1690 -1 1482 -1 1483 -1 1696 -1 1717 -1 1718 -1 1486 -1 1487 -1 1719 -1 1698 -1 1699 -1 1491 -1 1492 -1 1494 -1 1495 -1 1496 -1 1497 -1 1499 -1 1500 -1 1501 -1 1502 -1 1503 -1 1570 -1 1571 -1 1712 -1 1640 -1 1302 -1 1643 -1 1644 -1 -2
459 -1 460 -1 462 -1 1367 -1 464 -1 465 -1 466 -1 467 -1 468 -1 469 -1 658 -1 659 -1 660 -1 661 -1 662 -1 663 -1 664 -1 665 -1 2279 -1 668 -1 1291 -1 1521 -1 2000 -1 1689 -1 1695 -1 1690 -1 1482 -1 1483 -1 1835 -1 1692 -1 1486 -1 1487 -1 1488 -1 1698 -1 1491 -1 1492 -1 1493 -1 1494 -1 1495 -1 1497 -1 1499 -1 1500 -1 1502 -1 1503 -1 1702 -1 2280 -1 1303 -1 -2
459 -1 460 -1 462 -1 1367 -1 464 -1 465 -1 466 -1 1189 -1 467 -1 468 -1 1529 -1 658 -1 659 -1 660 -1 661 -1 1290 -1 662 -1 664 -1 665 -1 2279 -1 668 -1 1291 -1 1521 -1 2000 -1 1689 -1 1695 -1 1690 -1 1996 -1 1991 -1 1992 -1 -2
459 -1 460 -1 462 -1 1367 -1 464 -1 465 -1 1189 -1 467 -1 468 -1 469 -1 658 -1 659 -1 660 -1 661 -1 1290 -1 662 -1 664 -1 665 -1 667 -1 668 -1 1291 -1 1521 -1 2000 -1 1695 -1 1690 -1 1482 -1 1483 -1 1835 -1 1697 -1 1486 -1 1487 -1 1488 -1 1698 -1 1491 -1 1492 -1 1493 -1 1494 -1 1495 -1 1497 -1 1500 -1 1502 -1 -2
459 -1 460 -1 462 -1 1367 -1 464 -1 465 -1 466 -1 467 -1 468 -1 1529 -1 1389 -1 1383 -1 1385 -1 1386 -1 1985 -1 1986 -1 1970 -1 1846 -1 1715 -1 1716 -1 668 -1 1291 -1 1694 -1 1776 -1 1695 -1 1690 -1 1482 -1 1483 -1 1696 -1 1697 -1 1486 -1 1487 -1 1488 -1 1489 -1 1491 -1 1492 -1 1493 -1 1494 -1 1495 -1 1866 -1 1867 -1 1496 -1 1897 -1 1898 -1 2281 -1 2282 -1 2283 -1 2284 -1 1887 -1 1889 -1 1891 -1 1746 -1 2285 -1 1639 -1 1747 -1 1748 -1 645 -1 644 -1 547 -1 1255 -1 627 -1 1749 -1 1750 -1 1781 -1 1780 -1 1850 -1 2286 -1 1849 -1 1707 -1 -2
459 -1 460 -1 462 -1 1367 -1 464 -1 465 -1 1189 -1 467 -1 468 -1 1529 -1 1967 -1 1389 -1 1968 -1 1969 -1 1907 -1 1846 -1 1970 -1 1971 -1 1972 -1 1519 -1 1973 -1 1694 -1 1695 -1 1690 -1 1482 -1 1483 -1 1691 -1 1692 -1 1486 -1 1487 -1 1488 -1 1490 -1 1489 -1 1491 -1 1492 -1 1493 -1 1494 -1 1495 -1 1496 -1 1498 -1 1744 -1 1637 -1 1745 -1 1638 -1 1570 -1 1890 -1 2022 -1 1639 -1 1640 -1 1747 -1 645 -1 644 -1 547 -1 628 -1 629 -1 2123 -1 1750 -1 1781 -1 1780 -1 1850 -1 2286 -1 1849 -1 1707 -1 -2
459 -1 460 -1 461 -1 462 -1 463 -1 464 -1 465 -1 466 -1 1189 -1 467 -1 902 -1 1383 -1 1384 -1 1906 -1 1387 -1 2287 -1 2288 -1 2053 -1 1840 -1 1839 -1 1988 -1 1971 -1 1519 -1 1518 -1 1989 -1 1990 -1 1991 -1 1992 -1 1696 -1 -2
459 -1 460 -1 461 -1 462 -1 463 -1 464 -1 465 -1 1189 -1 467 -1 468 -1 1529 -1 658 -1 659 -1 674 -1 474 -1 2043 -1 475 -1 476 -1 1777 -1 1471 -1 1557 -1 1538 -1 2289 -1 1581 -1 1599 -1 1600 -1 486 -1 2290 -1 2291 -1 2292 -1 2293 -1 2294 -1 1606 -1 1607 -1 1608 -1 2001 -1 1611 -1 1612 -1 2002 -1 1613 -1 2295 -1 1616 -1 1617 -1 2069 -1 1619 -1 2015 -1 1621 -1 1864 -1 1865 -1 1897 -1 1867 -1 1496 -1 1673 -1 1744 -1 1637 -1 1745 -1 1638 -1 1570 -1 1571 -1 1639 -1 1746 -1 2285 -1 1963 -1 1942 -1 1943 -1 1944 -1 2296 -1 2297 -1 2298 -1 544 -1 545 -1 1254 -1 625 -1 2299 -1 627 -1 2300 -1 2301 -1 2302 -1 2303 -1 2306 -1 2307 -1 2308 -1 1043 -1 -2
459 -1 460 -1 461 -1 462 -1 463 -1 464 -1 465 -1 466 -1 467 -1 2309 -1 2310 -1 1383 -1 1389 -1 1979 -1 661 -1 1290 -1 1682 -1 676 -1 476 -1 477 -1 478 -1 479 -1 1424 -1 1425 -1 1426 -1 1880 -1 1476 -1 2311 -1 1561 -1 2312 -1 2313 -1 2314 -1 2315 -1 2316 -1 2317 -1 2318 -1 2319 -1 2320 -1 2321 -1 2322 -1 2323 -1 2324 -1 1613 -1 2325 -1 2068 -1 1618 -1 2069 -1 2326 -1 2327 -1 2328 -1 1671 -1 1660 -1 2329 -1 1554 -1 2330 -1 2277 -1 872 -1 2332 -1 2333 -1 2334 -1 2335 -1 1773 -1 2336 -1 2337 -1 2338 -1 2339 -1 2340 -1 2341 -1 2342 -1 2343 -1 868 -1 2344 -1 2345 -1 2346 -1 2347 -1 2348 -1 2349 -1 2350 -1 2351 -1 2352 -1 2353 -1 2354 -1 2355 -1 2356 -1 2357 -1 2358 -1 2359 -1 2360 -1 2361 -1 2362 -1 2363 -1 2364 -1 2365 -1 1041 -1 1043 -1 -2
459 -1 460 -1 461 -1 462 -1 463 -1 464 -1 465 -1 466 -1 467 -1 901 -1 671 -1 468 -1 1529 -1 1389 -1 1968 -1 1907 -1 2367 -1 2368 -1 2369 -1 1986 -1 2370 -1 1388 -1 2371 -1 2372 -1 2373 -1 2374 -1 2375 -1 2376 -1 2377 -1 2378 -1 2379 -1 2387 -1 2388 -1 2389 -1 2390 -1 2391 -1 2392 -1 2394 -1 2395 -1 2400 -1 2401 -1 2402 -1 2403 -1 2404 -1 2405 -1 2406 -1 2407 -1 2408 -1 2409 -1 2410 -1 2411 -1 2412 -1 2413 -1 2414 -1 2415 -1 2416 -1 2417 -1 2418 -1 2420 -1 2421 -1 2422 -1 2423 -1 2424 -1 2425 -1 2426 -1 2428 -1 2429 -1 2430 -1 2431 -1 2432 -1 2433 -1 2434 -1 2435 -1 2436 -1 -2
459 -1 460 -1 461 -1 462 -1 463 -1 464 -1 465 -1 466 -1 467 -1 468 -1 469 -1 470 -1 471 -1 472 -1 473 -1 474 -1 475 -1 476 -1 1471 -1 478 -1 479 -1 480 -1 1472 -1 1473 -1 1474 -1 1475 -1 1476 -1 1477 -1 1478 -1 1479 -1 1480 -1 1481 -1 1482 -1 1483 -1 1484 -1 1884 -1 1565 -1 1566 -1 1567 -1 1550 -1 1630 -1 1631 -1 1568 -1 2025 -1 1491 -1 1493 -1 1494 -1 1636 -1 1621 -1 2015 -1 2016 -1 2017 -1 2018 -1 1898 -1 1899 -1 2019 -1 2282 -1 2443 -1 1961 -1 2444 -1 2445 -1 2446 -1 1963 -1 2285 -1 1746 -1 1639 -1 2447 -1 2448 -1 1966 -1 545 -1 1255 -1 627 -1 626 -1 2449 -1 2301 -1 1041 -1 1043 -1 2450 -1 2451 -1 -2
459 -1 460 -1 461 -1 462 -1 463 -1 464 -1 465 -1 466 -1 467 -1 468 -1 469 -1 658 -1 659 -1 660 -1 661 -1 1290 -1 662 -1 664 -1 665 -1 667 -1 668 -1 1291 -1 1521 -1 2000 -1 1695 -1 1690 -1 1482 -1 1483 -1 1484 -1 1692 -1 1486 -1 1487 -1 1551 -1 1630 -1 1631 -1 1632 -1 1847 -1 1848 -1 1494 -1 1495 -1 1496 -1 1497 -1 1498 -1 1637 -1 1745 -1 1638 -1 1503 -1 1570 -1 1571 -1 1639 -1 1640 -1 1641 -1 1302 -1 1301 -1 548 -1 547 -1 629 -1 1780 -1 1781 -1 1756 -1 1757 -1 1759 -1 1893 -1 1894 -1 1853 -1 -2
459 -1 1311 -1 1312 -1 2497 -1 2498 -1 2499 -1 2500 -1 2501 -1 1995 -1 2502 -1 2288 -1 2503 -1 2504 -1 2505 -1 1841 -1 1517 -1 2506 -1 2507 -1 2056 -1 2508 -1 1973 -1 2509 -1 2510 -1 1991 -1 1992 -1 1696 -1 -2
459 -1 460 -1 461 -1 462 -1 1367 -1 1173 -1 1174 -1 2530 -1 1857 -1 1856 -1 1855 -1 2531 -1 2532 -1 -2
459 -1 460 -1 461 -1 462 -1 463 -1 464 -1 465 -1 1392 -1 1189 -1 467 -1 2309 -1 1529 -1 1967 -1 1843 -1 660 -1 661 -1 662 -1 664 -1 665 -1 666 -1 667 -1 668 -1 1520 -1 1519 -1 1973 -1 1405 -1 2534 -1 2535 -1 2536 -1 2537 -1 2538 -1 2539 -1 2540 -1 2541 -1 2542 -1 2543 -1 2544 -1 2545 -1 2546 -1 2547 -1 2548 -1 2549 -1 2550 -1 2551 -1 2552 -1 2553 -1 2554 -1 2555 -1 2557 -1 2558 -1 2559 -1 2560 -1 2561 -1 2562 -1 2563 -1 2564 -1 2565 -1 2567 -1 2568 -1 2569 -1 2574 -1 2575 -1 2576 -1 1302 -1 1705 -1 1704 -1 2578 -1 -2
459 -1 460 -1 461 -1 462 -1 463 -1 464 -1 465 -1 466 -1 467 -1 468 -1 1529 -1 1389 -1 1968 -1 1969 -1 1907 -1 1985 -1 1986 -1 1386 -1 1387 -1 1995 -1 1874 -1 2585 -1 1876 -1 2053 -1 2586 -1 1841 -1 2054 -1 1971 -1 1519 -1 1989 -1 2020 -1 1990 -1 1991 -1 1992 -1 1696 -1 -2
459 -1 460 -1 461 -1 462 -1 463 -1 464 -1 465 -1 466 -1 467 -1 468 -1 1529 -1 1383 -1 1384 -1 1386 -1 1987 -1 1839 -1 1971 -1 1519 -1 1520 -1 1291 -1 1521 -1 2587 -1 1476 -1 1592 -1 1594 -1 1662 -1 1605 -1 2293 -1 1953 -1 1954 -1 1921 -1 1742 -1 1608 -1 1609 -1 1610 -1 2001 -1 2588 -1 2589 -1 2005 -1 2004 -1 2590 -1 2006 -1 2591 -1 1927 -1 1928 -1 2064 -1 2065 -1 2066 -1 1929 -1 2594 -1 2596 -1 1932 -1 1931 -1 2599 -1 2600 -1 2601 -1 1934 -1 1935 -1 1936 -1 1959 -1 2282 -1 2021 -1 1887 -1 1888 -1 1889 -1 1891 -1 1746 -1 1639 -1 1747 -1 1748 -1 645 -1 644 -1 547 -1 628 -1 629 -1 1642 -1 1643 -1 1644 -1 -2
459 -1 460 -1 461 -1 462 -1 463 -1 464 -1 465 -1 466 -1 467 -1 468 -1 469 -1 658 -1 659 -1 831 -1 2603 -1 2604 -1 661 -1 2268 -1 2605 -1 2606 -1 477 -1 2607 -1 2608 -1 479 -1 1472 -1 1473 -1 1474 -1 2609 -1 2610 -1 2611 -1 2612 -1 2613 -1 2614 -1 2615 -1 2616 -1 2619 -1 2620 -1 2621 -1 2622 -1 2623 -1 2624 -1 2625 -1 2626 -1 2618 -1 2627 -1 2628 -1 2629 -1 2631 -1 2632 -1 2633 -1 2634 -1 2635 -1 2636 -1 2637 -1 2638 -1 863 -1 2639 -1 2640 -1 2641 -1 2642 -1 2643 -1 2644 -1 2645 -1 2646 -1 2648 -1 2649 -1 2650 -1 2651 -1 2652 -1 2356 -1 2653 -1 2654 -1 2655 -1 2656 -1 2657 -1 2658 -1 2659 -1 2660 -1 2661 -1 2662 -1 -2
459 -1 460 -1 461 -1 462 -1 463 -1 464 -1 465 -1 466 -1 467 -1 468 -1 1529 -1 1967 -1 1389 -1 1980 -1 1908 -1 1846 -1 1715 -1 1716 -1 668 -1 1291 -1 1521 -1 1689 -1 1690 -1 1482 -1 1483 -1 1691 -1 1692 -1 1486 -1 1487 -1 1488 -1 1568 -1 1489 -1 1569 -1 1491 -1 1492 -1 1493 -1 1494 -1 1495 -1 1496 -1 1498 -1 1744 -1 1637 -1 1745 -1 1638 -1 1503 -1 1570 -1 1571 -1 1639 -1 1640 -1 1641 -1 1902 -1 548 -1 547 -1 628 -1 629 -1 1849 -1 1643 -1 1644 -1 -2
459 -1 460 -1 1339 -1 2452 -1 1976 -1 2667 -1 2668 -1 2669 -1 2670 -1 1287 -1 468 -1 469 -1 658 -1 659 -1 660 -1 661 -1 2268 -1 2269 -1 2270 -1 2271 -1 665 -1 2279 -1 2671 -1 668 -1 1521 -1 1689 -1 1695 -1 2272 -1 2672 -1 2673 -1 2274 -1 2275 -1 2276 -1 1486 -1 1719 -1 2674 -1 874 -1 2278 -1 1493 -1 1494 -1 1495 -1 1496 -1 -2
459 -1 460 -1 461 -1 462 -1 463 -1 464 -1 465 -1 466 -1 467 -1 468 -1 1529 -1 1383 -1 1384 -1 1386 -1 1987 -1 1970 -1 1846 -1 1715 -1 667 -1 2279 -1 1688 -1 2675 -1 2676 -1 2114 -1 2587 -1 1479 -1 1689 -1 1984 -1 1690 -1 1482 -1 1483 -1 1484 -1 1692 -1 1486 -1 1487 -1 1488 -1 1489 -1 1491 -1 1492 -1 1493 -1 1494 -1 1495 -1 1496 -1 1497 -1 1499 -1 1500 -1 1501 -1 1502 -1 1503 -1 1712 -1 1303 -1 1705 -1 1704 -1 -2
459 -1 460 -1 461 -1 462 -1 463 -1 464 -1 465 -1 1993 -1 904 -1 2677 -1 1383 -1 1384 -1 1385 -1 1386 -1 1387 -1 1388 -1 1839 -1 1987 -1 1970 -1 1988 -1 1972 -1 1519 -1 1973 -1 2020 -1 1974 -1 1690 -1 1482 -1 1483 -1 1981 -1 1696 -1 1717 -1 1982 -1 1486 -1 -2
459 -1 460 -1 1367 -1 1368 -1 464 -1 1997 -1 1872 -1 904 -1 903 -1 1383 -1 1389 -1 1980 -1 1908 -1 1846 -1 1715 -1 1693 -1 1520 -1 1694 -1 1695 -1 1690 -1 1482 -1 1483 -1 1835 -1 1696 -1 1717 -1 1486 -1 1487 -1 1698 -1 1699 -1 1491 -1 1492 -1 1494 -1 1495 -1 1496 -1 1497 -1 1499 -1 1500 -1 1501 -1 1502 -1 1503 -1 1570 -1 1571 -1 1712 -1 2520 -1 2280 -1 1703 -1 -2
459 -1 460 -1 461 -1 462 -1 463 -1 464 -1 465 -1 466 -1 467 -1 468 -1 1529 -1 1967 -1 1389 -1 1968 -1 1969 -1 1907 -1 1846 -1 1715 -1 1519 -1 1973 -1 1974 -1 1690 -1 1996 -1 1991 -1 1981 -1 1696 -1 -2
459 -1 460 -1 462 -1 1367 -1 464 -1 465 -1 466 -1 467 -1 468 -1 1529 -1 658 -1 674 -1 474 -1 830 -1 1419 -1 1420 -1 1556 -1 1557 -1 1539 -1 1540 -1 481 -1 1558 -1 1559 -1 1426 -1 1476 -1 1541 -1 1477 -1 1560 -1 1561 -1 1562 -1 1563 -1 1564 -1 1565 -1 1566 -1 1567 -1 1550 -1 1551 -1 1568 -1 1489 -1 1569 -1 1491 -1 1492 -1 1493 -1 1494 -1 1495 -1 1496 -1 1497 -1 1498 -1 1499 -1 1501 -1 1503 -1 1570 -1 1571 -1 1640 -1 1302 -1 1303 -1 1705 -1 1704 -1 -2
459 -1 460 -1 461 -1 462 -1 463 -1 464 -1 465 -1 466 -1 467 -1 468 -1 469 -1 658 -1 659 -1 660 -1 661 -1 1290 -1 662 -1 664 -1 665 -1 2279 -1 668 -1 1291 -1 1521 -1 2000 -1 1689 -1 1695 -1 1690 -1 1482 -1 1483 -1 1835 -1 1692 -1 1486 -1 1487 -1 1488 -1 1698 -1 1491 -1 1492 -1 1493 -1 1494 -1 1495 -1 1496 -1 1497 -1 1499 -1 1500 -1 1501 -1 1503 -1 1570 -1 1571 -1 1639 -1 1640 -1 1641 -1 1902 -1 548 -1 547 -1 628 -1 629 -1 2026 -1 1849 -1 1706 -1 1644 -1 -2
459 -1 1311 -1 1312 -1 1313 -1 1314 -1 1315 -1 -2
459 -1 460 -1 461 -1 462 -1 463 -1 464 -1 465 -1 466 -1 467 -1 468 -1 469 -1 658 -1 659 -1 660 -1 661 -1 1290 -1 662 -1 664 -1 665 -1 667 -1 668 -1 1291 -1 1521 -1 2000 -1 1695 -1 1690 -1 1482 -1 1483 -1 1835 -1 1697 -1 1486 -1 1487 -1 1488 -1 1698 -1 1491 -1 1492 -1 1493 -1 1494 -1 1495 -1 1497 -1 1500 -1 1502 -1 1503 -1 1702 -1 1703 -1 1705 -1 1704 -1 -2
459 -1 460 -1 2452 -1 1976 -1 464 -1 901 -1 467 -1 468 -1 1529 -1 1389 -1 1968 -1 1907 -1 2679 -1 1846 -1 1715 -1 1693 -1 1694 -1 1521 -1 2000 -1 1689 -1 2680 -1 2681 -1 2682 -1 2683 -1 2684 -1 2685 -1 2686 -1 2687 -1 2688 -1 2689 -1 -2
459 -1 460 -1 461 -1 462 -1 463 -1 464 -1 465 -1 466 -1 467 -1 468 -1 469 -1 658 -1 659 -1 660 -1 661 -1 662 -1 664 -1 665 -1 666 -1 667 -1 668 -1 1693 -1 1520 -1 1694 -1 1695 -1 1689 -1 2272 -1 2672 -1 2673 -1 2274 -1 2275 -1 2276 -1 1486 -1 1487 -1 1552 -1 2674 -1 874 -1 2278 -1 1493 -1 1494 -1 1495 -1 1496 -1 2691 -1 2692 -1 1075 -1 2664 -1 1078 -1 1079 -1 1259 -1 553 -1 1258 -1 2693 -1 -2
459 -1 460 -1 461 -1 462 -1 1367 -1 1903 -1 1369 -1 1872 -1 904 -1 2677 -1 1383 -1 1968 -1 1980 -1 1844 -1 663 -1 664 -1 665 -1 667 -1 668 -1 1291 -1 1521 -1 2000 -1 1695 -1 1690 -1 1482 -1 1483 -1 1835 -1 1697 -1 1486 -1 1487 -1 1488 -1 1698 -1 1491 -1 1492 -1 1493 -1 1494 -1 1495 -1 1496 -1 1673 -1 2695 -1 1900 -1 2019 -1 2282 -1 2021 -1 1887 -1 1888 -1 1889 -1 1891 -1 1746 -1 1639 -1 1747 -1 1748 -1 645 -1 644 -1 547 -1 628 -1 627 -1 1230 -1 1749 -1 1750 -1 1751 -1 1756 -1 1757 -1 1759 -1 1893 -1 1894 -1 2516 -1 -2
459 -1 460 -1 461 -1 462 -1 463 -1 464 -1 465 -1 466 -1 467 -1 468 -1 1529 -1 1967 -1 1389 -1 1980 -1 1908 -1 1846 -1 1715 -1 1693 -1 1520 -1 1519 -1 1973 -1 1974 -1 1690 -1 1482 -1 1483 -1 1981 -1 1696 -1 1717 -1 1982 -1 -2
459 -1 460 -1 461 -1 462 -1 463 -1 464 -1 465 -1 466 -1 467 -1 468 -1 469 -1 470 -1 471 -1 472 -1 1531 -1 1555 -1 830 -1 1419 -1 1420 -1 1556 -1 1557 -1 1539 -1 1540 -1 481 -1 1558 -1 1559 -1 1426 -1 1476 -1 1541 -1 1477 -1 1560 -1 1561 -1 1562 -1 1563 -1 1564 -1 1565 -1 1566 -1 1567 -1 1550 -1 1551 -1 1568 -1 1489 -1 1569 -1 1491 -1 1492 -1 1493 -1 1494 -1 1495 -1 1496 -1 1497 -1 1498 -1 1499 -1 1501 -1 1503 -1 1570 -1 1571 -1 1640 -1 1712 -1 1702 -1 1713 -1 -2
459 -1 460 -1 1339 -1 1340 -1 1367 -1 1368 -1 464 -1 465 -1 1392 -1 1189 -1 467 -1 2309 -1 1529 -1 1967 -1 1843 -1 661 -1 662 -1 1844 -1 1845 -1 1846 -1 1715 -1 1693 -1 1520 -1 1694 -1 1695 -1 1690 -1 1996 -1 1991 -1 1992 -1 -2
459 -1 460 -1 461 -1 462 -1 463 -1 464 -1 465 -1 466 -1 467 -1 468 -1 469 -1 470 -1 471 -1 472 -1 473 -1 474 -1 475 -1 476 -1 477 -1 478 -1 479 -1 480 -1 1472 -1 1879 -1 1474 -1 1880 -1 1476 -1 1477 -1 1478 -1 1881 -1 1882 -1 1481 -1 1883 -1 1884 -1 1485 -1 1486 -1 1487 -1 1488 -1 1489 -1 1491 -1 1492 -1 1493 -1 1494 -1 1495 -1 1496 -1 1497 -1 1499 -1 1500 -1 1501 -1 1502 -1 -2
459 -1 460 -1 461 -1 462 -1 463 -1 464 -1 465 -1 466 -1 467 -1 468 -1 1529 -1 1967 -1 1389 -1 1978 -1 661 -1 662 -1 664 -1 665 -1 667 -1 668 -1 1291 -1 1694 -1 1776 -1 1695 -1 1690 -1 1482 -1 1483 -1 1696 -1 1697 -1 1486 -1 1487 -1 1488 -1 1489 -1 1490 -1 1491 -1 1492 -1 1493 -1 1494 -1 1495 -1 1866 -1 1865 -1 1897 -1 1898 -1 1899 -1 1900 -1 1885 -1 1901 -1 1745 -1 1570 -1 1571 -1 1639 -1 1746 -1 2285 -1 2447 -1 2448 -1 1966 -1 545 -1 1255 -1 627 -1 626 -1 1749 -1 1750 -1 1751 -1 1752 -1 1755 -1 1756 -1 1757 -1 1758 -1 1759 -1 1893 -1 1852 -1 -2
459 -1 460 -1 461 -1 462 -1 463 -1 464 -1 465 -1 466 -1 467 -1 468 -1 469 -1 470 -1 471 -1 472 -1 562 -1 563 -1 564 -1 565 -1 566 -1 567 -1 568 -1 823 -1 824 -1 837 -1 836 -1 2697 -1 2698 -1 2699 -1 2700 -1 2701 -1 833 -1 2702 -1 2703 -1 2704 -1 2705 -1 2706 -1 2707 -1 2708 -1 2709 -1 2710 -1 2711 -1 2712 -1 2713 -1 2714 -1 2715 -1 2716 -1 2717 -1 2718 -1 2618 -1 2719 -1 2720 -1 2721 -1 2722 -1 2724 -1 2726 -1 2727 -1 2339 -1 2338 -1 2337 -1 1773 -1 2728 -1 2332 -1 2729 -1 2731 -1 2732 -1 2733 -1 2734 -1 2344 -1 2735 -1 2736 -1 2737 -1 2738 -1 2739 -1 2740 -1 2741 -1 2742 -1 2743 -1 2744 -1 2752 -1 2753 -1 2754 -1 2650 -1 2756 -1 2757 -1 2758 -1 2759 -1 2760 -1 2761 -1 2762 -1 2360 -1 2763 -1 2764 -1 2765 -1 2766 -1 632 -1 -2
459 -1 460 -1 461 -1 462 -1 463 -1 464 -1 1997 -1 1872 -1 2768 -1 1370 -1 1371 -1 2769 -1 2045 -1 -2
459 -1 2770 -1 1976 -1 464 -1 2771 -1 2772 -1 671 -1 468 -1 469 -1 471 -1 472 -1 1531 -1 562 -1 563 -1 564 -1 2773 -1 566 -1 826 -1 825 -1 2057 -1 2058 -1 1597 -1 2774 -1 1579 -1 1580 -1 2775 -1 1648 -1 484 -1 483 -1 482 -1 481 -1 479 -1 480 -1 1472 -1 1559 -1 2776 -1 2777 -1 1587 -1 2778 -1 2779 -1 2290 -1 2780 -1 2063 -1 1953 -1 1954 -1 2781 -1 2782 -1 1955 -1 2783 -1 2784 -1 2785 -1 2787 -1 2788 -1 1612 -1 1668 -1 2789 -1 2790 -1 1659 -1 1550 -1 2791 -1 1631 -1 1617 -1 1616 -1 2068 -1 2007 -1 2067 -1 2595 -1 1929 -1 1930 -1 1931 -1 1932 -1 1957 -1 2598 -1 2016 -1 2015 -1 1621 -1 1864 -1 1865 -1 1897 -1 1898 -1 2792 -1 2695 -1 2793 -1 2794 -1 2664 -1 1078 -1 2796 -1 2797 -1 2357 -1 2798 -1 2799 -1 2800 -1 2801 -1 2802 -1 2803 -1 2804 -1 2805 -1 2806 -1 2807 -1 2808 -1 2809 -1 2810 -1 2811 -1 2813 -1 2814 -1 2815 -1 2816 -1 2817 -1 1256 -1 631 -1 550 -1 1310 -1 1309 -1 2521 -1 -2
459 -1 460 -1 461 -1 462 -1 463 -1 464 -1 465 -1 466 -1 467 -1 468 -1 469 -1 1289 -1 1288 -1 1287 -1 1286 -1 1285 -1 1158 -1 1157 -1 2825 -1 2826 -1 2827 -1 2828 -1 2075 -1 2829 -1 2077 -1 2078 -1 2830 -1 2831 -1 2833 -1 2850 -1 2832 -1 2080 -1 2110 -1 567 -1 824 -1 2851 -1 2059 -1 2060 -1 2061 -1 488 -1 2062 -1 2063 -1 1953 -1 1954 -1 1921 -1 1740 -1 1955 -1 1923 -1 1924 -1 1925 -1 1956 -1 1927 -1 1928 -1 1929 -1 1930 -1 1932 -1 1957 -1 1933 -1 2852 -1 2853 -1 1936 -1 1959 -1 2443 -1 1961 -1 2444 -1 2446 -1 1942 -1 1963 -1 2285 -1 2447 -1 2448 -1 1966 -1 545 -1 1255 -1 547 -1 548 -1 1301 -1 1302 -1 1303 -1 -2
459 -1 460 -1 461 -1 462 -1 463 -1 464 -1 465 -1 466 -1 467 -1 468 -1 469 -1 658 -1 659 -1 660 -1 661 -1 1290 -1 662 -1 664 -1 665 -1 2279 -1 668 -1 1291 -1 1521 -1 2000 -1 1689 -1 1695 -1 1690 -1 1482 -1 1483 -1 1835 -1 1692 -1 1486 -1 1487 -1 1488 -1 1698 -1 1491 -1 1492 -1 1493 -1 1494 -1 1635 -1 1621 -1 1864 -1 1865 -1 1866 -1 1867 -1 1496 -1 1498 -1 1744 -1 1637 -1 1745 -1 1638 -1 1570 -1 1571 -1 1639 -1 1640 -1 1641 -1 1301 -1 548 -1 547 -1 629 -1 2026 -1 1849 -1 1706 -1 1707 -1 -2
459 -1 1311 -1 1312 -1 1313 -1 1314 -1 1315 -1 -2
459 -1 460 -1 461 -1 462 -1 463 -1 464 -1 465 -1 466 -1 467 -1 468 -1 469 -1 658 -1 1843 -1 1978 -1 1979 -1 1980 -1 1908 -1 1846 -1 1715 -1 1693 -1 1520 -1 1694 -1 1695 -1 1690 -1 1482 -1 1483 -1 1981 -1 1696 -1 1717 -1 1982 -1 1486 -1 2854 -1 1698 -1 1699 -1 -2
459 -1 1311 -1 1312 -1 1313 -1 1314 -1 1510 -1 -2
459 -1 1449 -1 2215 -1 2243 -1 2217 -1 2245 -1 2218 -1 2220 -1 2246 -1 2855 -1 2856 -1 2857 -1 2858 -1 2859 -1 2860 -1 2861 -1 -2
459 -1 460 -1 461 -1 462 -1 1367 -1 2452 -1 1976 -1 2862 -1 2863 -1 2864 -1 2865 -1 2866 -1 2867 -1 2868 -1 1343 -1 2498 -1 2869 -1 2870 -1 2871 -1 2458 -1 2872 -1 2873 -1 2874 -1 2875 -1 2877 -1 2878 -1 2879 -1 2880 -1 2881 -1 2882 -1 -2
459 -1 460 -1 461 -1 462 -1 463 -1 464 -1 465 -1 466 -1 467 -1 468 -1 469 -1 470 -1 471 -1 472 -1 562 -1 563 -1 564 -1 565 -1 566 -1 567 -1 825 -1 2057 -1 2058 -1 2060 -1 2061 -1 487 -1 2884 -1 2290 -1 2291 -1 2292 -1 2293 -1 2294 -1 2885 -1 1742 -1 2886 -1 2588 -1 2589 -1 2005 -1 2004 -1 2590 -1 2007 -1 2071 -1 2011 -1 2012 -1 2471 -1 2015 -1 2016 -1 2017 -1 1865 -1 1898 -1 1899 -1 2019 -1 1885 -1 2887 -1 1888 -1 2888 -1 1570 -1 1571 -1 1639 -1 1640 -1 1902 -1 645 -1 547 -1 628 -1 629 -1 2026 -1 1849 -1 1706 -1 1644 -1 -2
459 -1 460 -1 461 -1 462 -1 463 -1 464 -1 465 -1 466 -1 467 -1 468 -1 469 -1 470 -1 471 -1 472 -1 473 -1 474 -1 475 -1 476 -1 1765 -1 1471 -1 478 -1 479 -1 480 -1 1472 -1 1879 -1 1474 -1 1426 -1 1880 -1 1476 -1 1541 -1 1477 -1 1560 -1 1543 -1 1882 -1 2889 -1 1564 -1 1565 -1 2890 -1 2891 -1 1551 -1 1487 -1 1488 -1 1489 -1 1491 -1 1492 -1 1493 -1 1494 -1 1495 -1 1496 -1 1497 -1 1499 -1 1501 -1 1502 -1 1503 -1 1570 -1 1571 -1 1712 -1 1640 -1 1302 -1 1643 -1 1849 -1 1706 -1 1644 -1 -2
459 -1 460 -1 461 -1 462 -1 463 -1 464 -1 465 -1 466 -1 467 -1 468 -1 469 -1 658 -1 659 -1 660 -1 661 -1 1290 -1 662 -1 664 -1 665 -1 2279 -1 668 -1 1291 -1 1521 -1 2000 -1 1689 -1 1695 -1 1690 -1 1482 -1 1483 -1 1835 -1 1692 -1 1486 -1 1487 -1 1488 -1 1698 -1 1491 -1 1492 -1 1493 -1 1848 -1 1634 -1 1672 -1 1671 -1 1620 -1 1619 -1 2471 -1 2015 -1 2016 -1 1865 -1 1897 -1 1898 -1 1899 -1 1900 -1 1885 -1 1901 -1 1745 -1 1570 -1 1571 -1 1639 -1 1640 -1 1902 -1 645 -1 548 -1 1301 -1 1302 -1 1303 -1 -2
459 -1 460 -1 461 -1 462 -1 463 -1 464 -1 465 -1 466 -1 467 -1 468 -1 469 -1 470 -1 471 -1 472 -1 562 -1 563 -1 564 -1 565 -1 566 -1 826 -1 1596 -1 1597 -1 1598 -1 1600 -1 2892 -1 486 -1 2884 -1 2290 -1 2291 -1 2292 -1 2293 -1 2294 -1 2885 -1 1742 -1 2886 -1 2588 -1 2001 -1 2893 -1 2004 -1 2003 -1 2590 -1 2068 -1 2071 -1 2070 -1 1619 -1 2471 -1 2015 -1 2016 -1 1865 -1 1897 -1 1898 -1 1899 -1 1900 -1 1885 -1 1901 -1 1745 -1 1570 -1 1571 -1 1639 -1 1640 -1 1902 -1 645 -1 548 -1 1301 -1 1302 -1 1303 -1 1704 -1 -2
459 -1 460 -1 461 -1 462 -1 463 -1 464 -1 465 -1 466 -1 467 -1 468 -1 469 -1 658 -1 659 -1 660 -1 661 -1 662 -1 664 -1 665 -1 1686 -1 480 -1 1558 -1 481 -1 482 -1 483 -1 484 -1 1909 -1 1601 -1 486 -1 2894 -1 2884 -1 2290 -1 2291 -1 2292 -1 2293 -1 2294 -1 2885 -1 1742 -1 2886 -1 2588 -1 2589 -1 2005 -1 2004 -1 2590 -1 2007 -1 2071 -1 2011 -1 2012 -1 2471 -1 2015 -1 2016 -1 2017 -1 1865 -1 1898 -1 1899 -1 2019 -1 1885 -1 2887 -1 1888 -1 2888 -1 1570 -1 1571 -1 1639 -1 1640 -1 1902 -1 645 -1 547 -1 548 -1 1301 -1 1302 -1 1303 -1 -2
459 -1 1311 -1 1341 -1 1903 -1 1369 -1 1997 -1 1872 -1 904 -1 902 -1 1383 -1 1389 -1 1979 -1 661 -1 1290 -1 1682 -1 476 -1 1777 -1 1778 -1 1779 -1 479 -1 480 -1 2675 -1 2676 -1 2114 -1 2587 -1 1479 -1 1689 -1 1984 -1 1690 -1 1482 -1 1483 -1 1883 -1 1564 -1 1629 -1 1628 -1 1910 -1 1610 -1 2001 -1 2588 -1 2895 -1 1923 -1 1924 -1 1738 -1 2896 -1 2897 -1 2898 -1 2899 -1 2900 -1 2066 -1 2592 -1 514 -1 2901 -1 2902 -1 2903 -1 2904 -1 2905 -1 2906 -1 2907 -1 2908 -1 2909 -1 2910 -1 2911 -1 2912 -1 2913 -1 2914 -1 2915 -1 2916 -1 2917 -1 2918 -1 2919 -1 2920 -1 2298 -1 1947 -1 1966 -1 2921 -1 1748 -1 1747 -1 1640 -1 1571 -1 1570 -1 1503 -1 1501 -1 1500 -1 1701 -1 -2
459 -1 460 -1 461 -1 462 -1 463 -1 464 -1 465 -1 466 -1 467 -1 468 -1 469 -1 470 -1 471 -1 472 -1 562 -1 1530 -1 2924 -1 2925 -1 2926 -1 1538 -1 1539 -1 1540 -1 481 -1 1766 -1 1768 -1 1592 -1 1622 -1 1623 -1 1477 -1 1561 -1 1562 -1 1770 -1 1564 -1 1565 -1 1566 -1 1567 -1 1550 -1 1630 -1 1631 -1 1568 -1 2025 -1 1491 -1 1493 -1 1494 -1 1636 -1 1621 -1 2015 -1 2016 -1 2927 -1 2598 -1 1957 -1 1933 -1 2928 -1 2929 -1 2600 -1 2901 -1 2902 -1 2903 -1 2904 -1 2905 -1 2906 -1 2930 -1 2931 -1 2932 -1 2933 -1 2915 -1 641 -1 540 -1 2934 -1 2935 -1 642 -1 543 -1 623 -1 624 -1 625 -1 626 -1 1749 -1 1750 -1 1751 -1 1752 -1 1753 -1 1754 -1 1760 -1 1761 -1 1787 -1 1785 -1 1784 -1 1783 -1 2936 -1 2937 -1 2126 -1 1758 -1 1757 -1 1780 -1 1850 -1 2026 -1 1849 -1 1706 -1 1644 -1 -2
459 -1 460 -1 461 -1 462 -1 463 -1 464 -1 465 -1 466 -1 467 -1 468 -1 469 -1 658 -1 659 -1 660 -1 661 -1 1290 -1 662 -1 664 -1 665 -1 2279 -1 668 -1 1291 -1 1521 -1 2000 -1 1689 -1 1695 -1 1690 -1 1482 -1 1483 -1 1835 -1 1692 -1 1486 -1 1487 -1 1488 -1 1698 -1 1491 -1 1569 -1 2025 -1 1632 -1 1618 -1 2069 -1 2071 -1 2070 -1 1619 -1 2471 -1 2015 -1 2016 -1 1865 -1 1897 -1 1898 -1 1899 -1 1900 -1 1885 -1 1901 -1 1745 -1 1570 -1 1571 -1 1639 -1 1640 -1 1902 -1 645 -1 548 -1 547 -1 628 -1 629 -1 2123 -1 1781 -1 1756 -1 1751 -1 1752 -1 1753 -1 1782 -1 1755 -1 2125 -1 1757 -1 1758 -1 2938 -1 2939 -1 2940 -1 2941 -1 2942 -1 2943 -1 2944 -1 2945 -1 -2
459 -1 460 -1 461 -1 462 -1 463 -1 464 -1 465 -1 466 -1 467 -1 468 -1 469 -1 470 -1 471 -1 473 -1 474 -1 2043 -1 475 -1 476 -1 1777 -1 1778 -1 1779 -1 479 -1 480 -1 2675 -1 2676 -1 2114 -1 2587 -1 1479 -1 1689 -1 1984 -1 1690 -1 1482 -1 1483 -1 1484 -1 1692 -1 1486 -1 1487 -1 1488 -1 1489 -1 1491 -1 1492 -1 1493 -1 1494 -1 1495 -1 1866 -1 1865 -1 1897 -1 1898 -1 2953 -1 2695 -1 1744 -1 1637 -1 1745 -1 1570 -1 1571 -1 1639 -1 1640 -1 1641 -1 1902 -1 548 -1 547 -1 628 -1 629 -1 2123 -1 1781 -1 1756 -1 1755 -1 1782 -1 1783 -1 1784 -1 1785 -1 1868 -1 1869 -1 2954 -1 -2
459 -1 460 -1 461 -1 462 -1 463 -1 464 -1 465 -1 1993 -1 904 -1 2115 -1 1905 -1 1995 -1 1387 -1 1386 -1 1985 -1 1907 -1 1846 -1 1715 -1 1519 -1 1973 -1 1974 -1 1690 -1 1996 -1 1991 -1 1981 -1 1696 -1 -2
459 -1 460 -1 461 -1 462 -1 463 -1 464 -1 465 -1 466 -1 467 -1 468 -1 469 -1 470 -1 471 -1 472 -1 473 -1 474 -1 475 -1 476 -1 1471 -1 478 -1 479 -1 480 -1 1472 -1 1473 -1 1474 -1 1475 -1 1476 -1 1477 -1 1478 -1 1479 -1 1480 -1 1481 -1 1482 -1 1483 -1 1484 -1 1485 -1 1486 -1 1487 -1 1488 -1 1489 -1 1490 -1 1491 -1 1492 -1 1493 -1 1494 -1 1495 -1 1496 -1 1497 -1 1498 -1 1499 -1 1500 -1 1501 -1 1502 -1 -2
459 -1 460 -1 461 -1 462 -1 463 -1 464 -1 465 -1 1392 -1 904 -1 1994 -1 1905 -1 1995 -1 1874 -1 2962 -1 1371 -1 2963 -1 1342 -1 1857 -1 1856 -1 1855 -1 1854 -1 -2
459 -1 460 -1 461 -1 462 -1 463 -1 464 -1 465 -1 466 -1 467 -1 468 -1 469 -1 470 -1 471 -1 472 -1 473 -1 474 -1 475 -1 476 -1 1471 -1 478 -1 479 -1 480 -1 1472 -1 1473 -1 1474 -1 1475 -1 1476 -1 1477 -1 1478 -1 1479 -1 1480 -1 1481 -1 1482 -1 1483 -1 1484 -1 1485 -1 1486 -1 1487 -1 1488 -1 1489 -1 1490 -1 1491 -1 1492 -1 1493 -1 1494 -1 1495 -1 1496 -1 1497 -1 1498 -1 1499 -1 1500 -1 1501 -1 1502 -1 1503 -1 1570 -1 1712 -1 1302 -1 1644 -1 -2
459 -1 460 -1 461 -1 462 -1 463 -1 464 -1 465 -1 466 -1 467 -1 468 -1 469 -1 658 -1 659 -1 660 -1 661 -1 1290 -1 662 -1 664 -1 665 -1 667 -1 668 -1 1291 -1 1521 -1 2000 -1 1695 -1 1690 -1 1482 -1 1483 -1 1835 -1 1697 -1 1486 -1 1487 -1 1488 -1 1698 -1 1491 -1 1492 -1 1493 -1 1494 -1 1636 -1 1621 -1 2015 -1 2016 -1 1865 -1 1897 -1 1898 -1 1899 -1 1900 -1 1885 -1 1901 -1 1745 -1 1570 -1 1571 -1 1639 -1 1640 -1 1902 -1 645 -1 548 -1 547 -1 628 -1 629 -1 2123 -1 1781 -1 1780 -1 1850 -1 2286 -1 1849 -1 1707 -1 -2
459 -1 460 -1 461 -1 462 -1 463 -1 464 -1 465 -1 466 -1 467 -1 468 -1 469 -1 470 -1 471 -1 472 -1 473 -1 474 -1 475 -1 476 -1 1765 -1 1471 -1 478 -1 479 -1 480 -1 1472 -1 1879 -1 1474 -1 1426 -1 1880 -1 1476 -1 1541 -1 1477 -1 1560 -1 1543 -1 1882 -1 2889 -1 1564 -1 1565 -1 2890 -1 2891 -1 1551 -1 1487 -1 1488 -1 1489 -1 1491 -1 1492 -1 1493 -1 1494 -1 1495 -1 1496 -1 1497 -1 1499 -1 1501 -1 1502 -1 1503 -1 1570 -1 1571 -1 1712 -1 1640 -1 1302 -1 1643 -1 1644 -1 -2
459 -1 460 -1 461 -1 462 -1 463 -1 464 -1 465 -1 466 -1 467 -1 468 -1 469 -1 470 -1 471 -1 672 -1 674 -1 1679 -1 1680 -1 1681 -1 1682 -1 1683 -1 1684 -1 1685 -1 1686 -1 1687 -1 1688 -1 668 -1 1291 -1 1521 -1 1689 -1 1479 -1 1478 -1 1477 -1 1623 -1 1656 -1 1664 -1 1606 -1 2294 -1 2885 -1 1742 -1 2886 -1 2588 -1 2001 -1 2893 -1 2004 -1 2003 -1 2590 -1 2068 -1 2071 -1 2070 -1 1619 -1 2471 -1 2015 -1 2016 -1 1865 -1 1897 -1 1898 -1 1899 -1 1900 -1 1885 -1 1901 -1 1745 -1 1570 -1 1571 -1 1639 -1 1640 -1 1902 -1 548 -1 547 -1 1255 -1 2964 -1 1254 -1 626 -1 1749 -1 1750 -1 1781 -1 1780 -1 629 -1 2026 -1 1849 -1 1706 -1 1707 -1 -2
459 -1 1449 -1 1427 -1 1453 -1 1878 -1 -2
459 -1 460 -1 461 -1 462 -1 463 -1 464 -1 465 -1 466 -1 467 -1 468 -1 469 -1 470 -1 471 -1 472 -1 473 -1 474 -1 475 -1 476 -1 477 -1 478 -1 479 -1 480 -1 1472 -1 1879 -1 1474 -1 1880 -1 1476 -1 1477 -1 1478 -1 1881 -1 1882 -1 1481 -1 1883 -1 1884 -1 1485 -1 1486 -1 1487 -1 1488 -1 1489 -1 1491 -1 1492 -1 1493 -1 1494 -1 1495 -1 1496 -1 1497 -1 1499 -1 1500 -1 1501 -1 1502 -1 1503 -1 1570 -1 1571 -1 1712 -1 1640 -1 1302 -1 1644 -1 1643 -1 1849 -1 2026 -1 629 -1 1780 -1 1757 -1 1758 -1 1759 -1 1893 -1 1894 -1 2516 -1 -2
459 -1 460 -1 461 -1 462 -1 463 -1 464 -1 465 -1 466 -1 467 -1 468 -1 469 -1 470 -1 471 -1 472 -1 562 -1 563 -1 564 -1 565 -1 566 -1 567 -1 825 -1 2057 -1 2058 -1 2060 -1 2061 -1 487 -1 2884 -1 2290 -1 2291 -1 2292 -1 2293 -1 2294 -1 1954 -1 1921 -1 1741 -1 1740 -1 1955 -1 1923 -1 1924 -1 1925 -1 1926 -1 1956 -1 1927 -1 1928 -1 1929 -1 1930 -1 1931 -1 1932 -1 1957 -1 1933 -1 2967 -1 2968 -1 2601 -1 2975 -1 2970 -1 2976 -1 2977 -1 2978 -1 2979 -1 2980 -1 2985 -1 2986 -1 1942 -1 1963 -1 2285 -1 1746 -1 1639 -1 1640 -1 1747 -1 645 -1 1902 -1 1641 -1 1302 -1 1303 -1 -2
459 -1 460 -1 461 -1 462 -1 463 -1 464 -1 465 -1 466 -1 467 -1 468 -1 469 -1 470 -1 471 -1 472 -1 562 -1 563 -1 564 -1 565 -1 566 -1 1532 -1 826 -1 1596 -1 1597 -1 1598 -1 1600 -1 486 -1 2290 -1 2291 -1 2292 -1 2293 -1 2294 -1 1606 -1 1607 -1 1608 -1 2001 -1 1611 -1 1612 -1 2002 -1 1613 -1 2295 -1 1616 -1 1617 -1 2069 -1 1619 -1 2015 -1 1621 -1 1864 -1 1865 -1 1897 -1 1867 -1 1496 -1 1673 -1 1744 -1 1637 -1 1745 -1 1638 -1 1570 -1 1571 -1 1639 -1 1640 -1 1641 -1 1902 -1 548 -1 547 -1 628 -1 629 -1 1781 -1 1756 -1 1755 -1 1782 -1 1783 -1 1784 -1 1785 -1 1869 -1 -2
459 -1 460 -1 461 -1 462 -1 463 -1 464 -1 465 -1 466 -1 467 -1 468 -1 469 -1 658 -1 659 -1 660 -1 661 -1 662 -1 663 -1 664 -1 665 -1 666 -1 667 -1 668 -1 1693 -1 1520 -1 1694 -1 1695 -1 1690 -1 1482 -1 1483 -1 1696 -1 1697 -1 1486 -1 1487 -1 1698 -1 1699 -1 1491 -1 1492 -1 1493 -1 1494 -1 1495 -1 1496 -1 1497 -1 1498 -1 1499 -1 1500 -1 1501 -1 1502 -1 1503 -1 1570 -1 1712 -1 1702 -1 1713 -1 -2
459 -1 460 -1 461 -1 462 -1 463 -1 464 -1 465 -1 466 -1 467 -1 468 -1 469 -1 470 -1 471 -1 472 -1 562 -1 563 -1 1577 -1 829 -1 1578 -1 1579 -1 1580 -1 1581 -1 1648 -1 484 -1 1661 -1 1652 -1 1595 -1 1662 -1 1605 -1 1606 -1 1663 -1 1664 -1 1665 -1 1666 -1 1667 -1 1626 -1 1628 -1 1657 -1 1668 -1 1659 -1 1669 -1 1670 -1 1631 -1 2989 -1 2990 -1 1552 -1 1489 -1 872 -1 2330 -1 2278 -1 1493 -1 1494 -1 1496 -1 1673 -1 2692 -1 2794 -1 1075 -1 2664 -1 1078 -1 1079 -1 2991 -1 1639 -1 2992 -1 646 -1 1256 -1 2817 -1 2993 -1 2300 -1 630 -1 1231 -1 2994 -1 2995 -1 -2
459 -1 460 -1 461 -1 462 -1 463 -1 464 -1 465 -1 466 -1 467 -1 468 -1 469 -1 470 -1 471 -1 472 -1 1531 -1 1555 -1 830 -1 1419 -1 1420 -1 1556 -1 1557 -1 1539 -1 1540 -1 481 -1 1558 -1 1559 -1 1426 -1 1476 -1 1541 -1 1477 -1 1560 -1 1561 -1 1562 -1 1563 -1 1564 -1 1565 -1 1566 -1 1567 -1 1550 -1 1551 -1 1568 -1 1489 -1 1569 -1 1491 -1 1492 -1 1493 -1 1494 -1 1495 -1 1496 -1 1497 -1 1498 -1 1499 -1 1501 -1 1503 -1 1570 -1 1571 -1 1640 -1 1302 -1 1643 -1 1849 -1 1706 -1 1707 -1 -2
459 -1 460 -1 461 -1 462 -1 463 -1 464 -1 465 -1 466 -1 467 -1 468 -1 469 -1 658 -1 659 -1 1679 -1 474 -1 830 -1 1530 -1 2924 -1 2925 -1 2926 -1 2289 -1 2998 -1 2999 -1 482 -1 483 -1 484 -1 1650 -1 1651 -1 1652 -1 1653 -1 1594 -1 1654 -1 1655 -1 1656 -1 1624 -1 1626 -1 1743 -1 1562 -1 1543 -1 1882 -1 1481 -1 1883 -1 1884 -1 1485 -1 1486 -1 1487 -1 1488 -1 1489 -1 1491 -1 1492 -1 1493 -1 1494 -1 1636 -1 1621 -1 2015 -1 2016 -1 1865 -1 1897 -1 1898 -1 1867 -1 1496 -1 1497 -1 1498 -1 1744 -1 1637 -1 1745 -1 1638 -1 1570 -1 1571 -1 1639 -1 1640 -1 1641 -1 1902 -1 548 -1 547 -1 628 -1 629 -1 1849 -1 1643 -1 1644 -1 -2
459 -1 460 -1 461 -1 462 -1 463 -1 464 -1 465 -1 466 -1 467 -1 468 -1 1529 -1 658 -1 659 -1 660 -1 661 -1 662 -1 1683 -1 1777 -1 1471 -1 1557 -1 1538 -1 2289 -1 1581 -1 1599 -1 1600 -1 486 -1 2894 -1 2290 -1 2291 -1 2292 -1 2293 -1 2294 -1 1606 -1 1655 -1 1623 -1 1624 -1 1769 -1 1561 -1 1562 -1 1882 -1 1481 -1 1482 -1 1483 -1 1696 -1 1697 -1 1486 -1 1487 -1 1488 -1 1698 -1 1491 -1 1492 -1 1493 -1 1494 -1 1495 -1 1496 -1 1673 -1 2695 -1 1744 -1 1637 -1 1745 -1 1570 -1 1571 -1 1639 -1 1640 -1 1641 -1 1902 -1 548 -1 547 -1 1642 -1 1643 -1 1644 -1 -2
459 -1 460 -1 461 -1 462 -1 463 -1 464 -1 465 -1 466 -1 467 -1 468 -1 469 -1 658 -1 659 -1 660 -1 661 -1 1290 -1 662 -1 664 -1 665 -1 2279 -1 668 -1 1291 -1 1521 -1 2000 -1 1689 -1 1695 -1 2272 -1 3000 -1 3001 -1 3002 -1 1542 -1 3003 -1 3004 -1 3005 -1 3006 -1 3007 -1 1548 -1 1549 -1 1550 -1 2990 -1 1552 -1 872 -1 874 -1 2278 -1 1493 -1 1494 -1 3010 -1 3011 -1 3012 -1 1496 -1 2660 -1 2658 -1 2795 -1 1078 -1 1079 -1 1259 -1 -2
459 -1 460 -1 461 -1 462 -1 463 -1 464 -1 465 -1 466 -1 467 -1 468 -1 469 -1 470 -1 471 -1 672 -1 674 -1 1679 -1 1680 -1 1681 -1 1682 -1 1683 -1 1684 -1 1685 -1 1686 -1 1687 -1 1688 -1 668 -1 1291 -1 1521 -1 1689 -1 1690 -1 1482 -1 1481 -1 1882 -1 2889 -1 1564 -1 1565 -1 2890 -1 2891 -1 1551 -1 1487 -1 1488 -1 1489 -1 1491 -1 1847 -1 1633 -1 1632 -1 1660 -1 1634 -1 1635 -1 1636 -1 1494 -1 1864 -1 1865 -1 1866 -1 1867 -1 1496 -1 1498 -1 1744 -1 1637 -1 1745 -1 1638 -1 1570 -1 1571 -1 1639 -1 1640 -1 1641 -1 1301 -1 548 -1 547 -1 629 -1 2026 -1 1849 -1 1706 -1 1707 -1 -2
459 -1 460 -1 461 -1 462 -1 463 -1 464 -1 465 -1 466 -1 467 -1 468 -1 469 -1 470 -1 471 -1 472 -1 473 -1 474 -1 475 -1 476 -1 477 -1 478 -1 479 -1 480 -1 1472 -1 1879 -1 1474 -1 1880 -1 1476 -1 1477 -1 1478 -1 1881 -1 1882 -1 1481 -1 1883 -1 1884 -1 1485 -1 1486 -1 1487 -1 1488 -1 1489 -1 1491 -1 1492 -1 1493 -1 1494 -1 1495 -1 1496 -1 1497 -1 1499 -1 1500 -1 1501 -1 1502 -1 1503 -1 1570 -1 1571 -1 1712 -1 1640 -1 1302 -1 1303 -1 -2
459 -1 460 -1 461 -1 462 -1 463 -1 464 -1 465 -1 466 -1 467 -1 468 -1 469 -1 470 -1 471 -1 472 -1 473 -1 474 -1 475 -1 476 -1 1471 -1 478 -1 479 -1 480 -1 1472 -1 1473 -1 1474 -1 1475 -1 1476 -1 1477 -1 1478 -1 1479 -1 1480 -1 1481 -1 1482 -1 1483 -1 1484 -1 1485 -1 1486 -1 1487 -1 1488 -1 1489 -1 1490 -1 1491 -1 1492 -1 1493 -1 1494 -1 1495 -1 1496 -1 1497 -1 1498 -1 1499 -1 1500 -1 1501 -1 1502 -1 -2
459 -1 460 -1 461 -1 462 -1 463 -1 464 -1 465 -1 466 -1 467 -1 468 -1 469 -1 471 -1 472 -1 1531 -1 562 -1 3013 -1 563 -1 3014 -1 565 -1 566 -1 567 -1 824 -1 825 -1 826 -1 3015 -1 1577 -1 829 -1 1578 -1 1579 -1 1580 -1 1582 -1 1649 -1 484 -1 485 -1 3016 -1 3017 -1 1653 -1 3018 -1 3019 -1 3020 -1 3021 -1 1624 -1 1625 -1 1626 -1 3022 -1 3023 -1 3024 -1 3025 -1 2321 -1 2320 -1 1550 -1 3026 -1 1632 -1 2025 -1 1569 -1 1489 -1 1490 -1 1493 -1 1494 -1 1495 -1 1496 -1 2691 -1 2692 -1 1075 -1 3027 -1 3028 -1 1571 -1 1639 -1 1309 -1 2521 -1 -2
459 -1 460 -1 461 -1 462 -1 463 -1 464 -1 465 -1 466 -1 467 -1 468 -1 469 -1 658 -1 660 -1 661 -1 662 -1 663 -1 664 -1 666 -1 1715 -1 1716 -1 1693 -1 1520 -1 1694 -1 1695 -1 1690 -1 1482 -1 1483 -1 1696 -1 1697 -1 1486 -1 2276 -1 2275 -1 2274 -1 2673 -1 2273 -1 -2
459 -1 460 -1 461 -1 462 -1 463 -1 464 -1 465 -1 466 -1 467 -1 468 -1 469 -1 658 -1 1843 -1 1978 -1 1979 -1 1980 -1 1908 -1 1846 -1 1715 -1 1693 -1 668 -1 1291 -1 1694 -1 1776 -1 1695 -1 1690 -1 1482 -1 1483 -1 1696 -1 1697 -1 1486 -1 1487 -1 1488 -1 1698 -1 1491 -1 1492 -1 1493 -1 1494 -1 1495 -1 1496 -1 1498 -1 1744 -1 1637 -1 1745 -1 1638 -1 1503 -1 1570 -1 1571 -1 1639 -1 1640 -1 1641 -1 1302 -1 1303 -1 -2
459 -1 3032 -1 3033 -1 683 -1 3035 -1 3036 -1 2667 -1 1261 -1 3037 -1 3038 -1 1286 -1 1287 -1 1416 -1 1289 -1 469 -1 658 -1 659 -1 660 -1 661 -1 662 -1 664 -1 665 -1 2279 -1 2671 -1 3041 -1 668 -1 1291 -1 1521 -1 1689 -1 1479 -1 1478 -1 1477 -1 3002 -1 3042 -1 3043 -1 3044 -1 2274 -1 2275 -1 2276 -1 1487 -1 1552 -1 1553 -1 2330 -1 1493 -1 1494 -1 1495 -1 1496 -1 1673 -1 2692 -1 2794 -1 1075 -1 2664 -1 1078 -1 1079 -1 2991 -1 1639 -1 1309 -1 1310 -1 550 -1 631 -1 2307 -1 630 -1 3045 -1 3046 -1 3047 -1 -2
459 -1 460 -1 461 -1 462 -1 1367 -1 1368 -1 1369 -1 1370 -1 1371 -1 3048 -1 1874 -1 2116 -1 1995 -1 3049 -1 2287 -1 1388 -1 1987 -1 1970 -1 1846 -1 3050 -1 1693 -1 1520 -1 1519 -1 1973 -1 1974 -1 1690 -1 1482 -1 1483 -1 1981 -1 1696 -1 1717 -1 1982 -1 1486 -1 2854 -1 1698 -1 1699 -1 -2
459 -1 460 -1 461 -1 462 -1 463 -1 464 -1 465 -1 466 -1 467 -1 468 -1 469 -1 658 -1 659 -1 660 -1 661 -1 662 -1 664 -1 665 -1 667 -1 668 -1 1291 -1 1694 -1 1776 -1 1695 -1 1690 -1 1482 -1 1483 -1 1696 -1 1697 -1 1486 -1 1487 -1 1488 -1 1698 -1 1491 -1 1492 -1 1493 -1 1494 -1 1495 -1 1700 -1 1497 -1 1500 -1 1504 -1 1502 -1 1503 -1 1702 -1 1703 -1 1704 -1 -2
459 -1 460 -1 461 -1 462 -1 463 -1 464 -1 465 -1 466 -1 467 -1 468 -1 469 -1 658 -1 659 -1 660 -1 661 -1 1290 -1 662 -1 664 -1 665 -1 2279 -1 668 -1 1291 -1 1521 -1 2000 -1 1689 -1 1695 -1 1690 -1 1482 -1 1483 -1 1835 -1 1692 -1 1486 -1 1487 -1 1488 -1 1698 -1 1491 -1 1492 -1 1493 -1 1494 -1 1495 -1 1497 -1 1499 -1 1500 -1 1502 -1 1503 -1 1702 -1 2280 -1 1303 -1 1704 -1 -2
459 -1 460 -1 461 -1 462 -1 463 -1 464 -1 465 -1 466 -1 467 -1 468 -1 1529 -1 1967 -1 1389 -1 1968 -1 1969 -1 1907 -1 1846 -1 1715 -1 1519 -1 1973 -1 1974 -1 1690 -1 1482 -1 1483 -1 1981 -1 1696 -1 1717 -1 1982 -1 1486 -1 2854 -1 1698 -1 1699 -1 -2
459 -1 460 -1 461 -1 462 -1 463 -1 464 -1 465 -1 466 -1 467 -1 468 -1 1529 -1 1383 -1 1384 -1 1386 -1 1987 -1 1839 -1 1971 -1 1519 -1 1518 -1 1517 -1 2056 -1 1990 -1 1991 -1 1996 -1 1690 -1 1483 -1 1981 -1 1696 -1 1717 -1 1718 -1 1486 -1 1487 -1 1719 -1 1698 -1 1699 -1 1491 -1 1492 -1 1494 -1 -2
459 -1 460 -1 461 -1 462 -1 463 -1 464 -1 465 -1 466 -1 467 -1 468 -1 469 -1 470 -1 471 -1 472 -1 1531 -1 1555 -1 830 -1 1419 -1 1420 -1 1556 -1 1557 -1 1539 -1 1540 -1 481 -1 1558 -1 1559 -1 1426 -1 1476 -1 1541 -1 1477 -1 1623 -1 1624 -1 1625 -1 1626 -1 1666 -1 1609 -1 1608 -1 3094 -1 2886 -1 2588 -1 3095 -1 2589 -1 2005 -1 1956 -1 1927 -1 3096 -1 2064 -1 1928 -1 1929 -1 1931 -1 2929 -1 2928 -1 2968 -1 1934 -1 1935 -1 3097 -1 3098 -1 3099 -1 3100 -1 3101 -1 3102 -1 2985 -1 2986 -1 1942 -1 3103 -1 3104 -1 2984 -1 3105 -1 2916 -1 2917 -1 2934 -1 542 -1 623 -1 2476 -1 3106 -1 3107 -1 3108 -1 3109 -1 3110 -1 3111 -1 1761 -1 1760 -1 1754 -1 1753 -1 1752 -1 1755 -1 1756 -1 1757 -1 1780 -1 2938 -1 3112 -1 3113 -1 -2
459 -1 460 -1 462 -1 1367 -1 464 -1 465 -1 466 -1 467 -1 1529 -1 658 -1 659 -1 1679 -1 474 -1 830 -1 1530 -1 829 -1 1577 -1 826 -1 825 -1 824 -1 2851 -1 2059 -1 2060 -1 2061 -1 488 -1 2062 -1 2063 -1 1953 -1 1954 -1 1921 -1 1740 -1 1955 -1 1923 -1 1924 -1 1925 -1 1956 -1 1927 -1 1928 -1 1929 -1 1930 -1 1932 -1 1957 -1 1933 -1 2852 -1 2853 -1 1936 -1 1935 -1 1934 -1 2601 -1 2970 -1 3122 -1 2976 -1 3123 -1 3124 -1 3125 -1 3126 -1 2981 -1 3127 -1 3105 -1 2916 -1 3128 -1 2934 -1 541 -1 542 -1 543 -1 544 -1 545 -1 546 -1 547 -1 629 -1 628 -1 630 -1 2307 -1 2308 -1 1043 -1 2450 -1 -2
459 -1 460 -1 461 -1 462 -1 463 -1 464 -1 465 -1 466 -1 467 -1 468 -1 469 -1 470 -1 471 -1 472 -1 562 -1 563 -1 564 -1 565 -1 566 -1 1532 -1 826 -1 1596 -1 1597 -1 1598 -1 1600 -1 486 -1 2290 -1 2291 -1 2292 -1 2293 -1 2294 -1 1606 -1 1607 -1 1608 -1 2001 -1 1611 -1 1612 -1 2002 -1 1613 -1 2295 -1 1616 -1 1617 -1 2069 -1 1619 -1 2015 -1 2016 -1 2927 -1 2598 -1 2597 -1 1957 -1 1932 -1 1931 -1 2928 -1 1933 -1 2967 -1 1934 -1 1935 -1 3218 -1 1938 -1 3219 -1 1940 -1 3100 -1 3099 -1 3162 -1 2978 -1 2980 -1 3163 -1 2985 -1 3220 -1 2983 -1 2984 -1 3104 -1 3221 -1 2920 -1 643 -1 642 -1 543 -1 623 -1 624 -1 625 -1 626 -1 627 -1 628 -1 1230 -1 1749 -1 1750 -1 1781 -1 1780 -1 3222 -1 630 -1 2307 -1 1043 -1 2450 -1 -2
459 -1 460 -1 462 -1 1367 -1 464 -1 465 -1 1189 -1 467 -1 468 -1 469 -1 658 -1 659 -1 660 -1 661 -1 1290 -1 662 -1 1683 -1 1684 -1 1685 -1 1686 -1 1687 -1 1688 -1 668 -1 1291 -1 1521 -1 1689 -1 1690 -1 1482 -1 1483 -1 1691 -1 1692 -1 1486 -1 1487 -1 1488 -1 1490 -1 1491 -1 1492 -1 1493 -1 1494 -1 1495 -1 1496 -1 1498 -1 1744 -1 1637 -1 1745 -1 1638 -1 1503 -1 1570 -1 1571 -1 1639 -1 1640 -1 1747 -1 1748 -1 2921 -1 1966 -1 545 -1 1255 -1 627 -1 626 -1 1749 -1 2123 -1 629 -1 2026 -1 1849 -1 1706 -1 1707 -1 -2
459 -1 460 -1 461 -1 462 -1 463 -1 464 -1 465 -1 466 -1 467 -1 468 -1 469 -1 658 -1 659 -1 660 -1 661 -1 1290 -1 662 -1 664 -1 665 -1 666 -1 667 -1 2671 -1 668 -1 1291 -1 1521 -1 1689 -1 1695 -1 2272 -1 1482 -1 3269 -1 3270 -1 2275 -1 2276 -1 1486 -1 1487 -1 1719 -1 2674 -1 3271 -1 1492 -1 1493 -1 1848 -1 1636 -1 1494 -1 1495 -1 1496 -1 1673 -1 2793 -1 2794 -1 2664 -1 1078 -1 3028 -1 2991 -1 1639 -1 2992 -1 646 -1 631 -1 1231 -1 630 -1 628 -1 3273 -1 3274 -1 3275 -1 3276 -1 -2
459 -1 1340 -1 3277 -1 1976 -1 464 -1 3278 -1 2772 -1 3279 -1 671 -1 1895 -1 1529 -1 658 -1 659 -1 3280 -1 474 -1 475 -1 476 -1 477 -1 2607 -1 2608 -1 479 -1 1473 -1 3281 -1 3282 -1 3283 -1 2709 -1 2710 -1 3284 -1 2711 -1 2712 -1 2713 -1 3285 -1 2715 -1 3286 -1 3287 -1 3288 -1 3289 -1 2618 -1 3290 -1 2624 -1 3291 -1 3292 -1 3293 -1 3294 -1 868 -1 867 -1 3295 -1 3296 -1 3297 -1 2739 -1 3298 -1 3299 -1 3300 -1 3301 -1 3302 -1 3303 -1 3304 -1 2652 -1 3305 -1 3306 -1 3307 -1 3308 -1 3309 -1 3310 -1 3311 -1 3312 -1 1039 -1 1038 -1 3313 -1 3314 -1 3315 -1 3316 -1 3317 -1 3318 -1 -2
459 -1 460 -1 2452 -1 1976 -1 464 -1 901 -1 671 -1 468 -1 1529 -1 1389 -1 1969 -1 1907 -1 2679 -1 1846 -1 1988 -1 1971 -1 1519 -1 1518 -1 -2
459 -1 460 -1 461 -1 462 -1 463 -1 464 -1 465 -1 466 -1 467 -1 468 -1 469 -1 470 -1 471 -1 473 -1 474 -1 2043 -1 475 -1 476 -1 1777 -1 1778 -1 1779 -1 479 -1 480 -1 2675 -1 2676 -1 2114 -1 2587 -1 1479 -1 1689 -1 1984 -1 1690 -1 1482 -1 1483 -1 1484 -1 1692 -1 1486 -1 1487 -1 1488 -1 1489 -1 1491 -1 1492 -1 1493 -1 1494 -1 1495 -1 1496 -1 1497 -1 1499 -1 1500 -1 1501 -1 1502 -1 1503 -1 1712 -1 1303 -1 1704 -1 -2
459 -1 1311 -1 1341 -1 1903 -1 1369 -1 2768 -1 1370 -1 1371 -1 3048 -1 1874 -1 2116 -1 1995 -1 3049 -1 2287 -1 1388 -1 1987 -1 1988 -1 1971 -1 1519 -1 1973 -1 1974 -1 1690 -1 1483 -1 1981 -1 1696 -1 1717 -1 1982 -1 1486 -1 1487 -1 1698 -1 1699 -1 1491 -1 1492 -1 1494 -1 -2
459 -1 460 -1 461 -1 462 -1 463 -1 464 -1 465 -1 466 -1 467 -1 468 -1 469 -1 470 -1 471 -1 472 -1 473 -1 474 -1 475 -1 476 -1 1471 -1 478 -1 479 -1 480 -1 1472 -1 1473 -1 1474 -1 1475 -1 1476 -1 1477 -1 1478 -1 1479 -1 1480 -1 1481 -1 1482 -1 1483 -1 1484 -1 1485 -1 1486 -1 1487 -1 1488 -1 1489 -1 1569 -1 1491 -1 1492 -1 1493 -1 1494 -1 1495 -1 1496 -1 1673 -1 2691 -1 2794 -1 1075 -1 1073 -1 -2
459 -1 460 -1 461 -1 462 -1 463 -1 464 -1 1369 -1 1370 -1 1371 -1 3319 -1 2045 -1 1876 -1 2053 -1 1840 -1 1839 -1 1988 -1 1971 -1 1998 -1 1715 -1 3050 -1 1693 -1 1520 -1 1519 -1 1973 -1 1690 -1 1483 -1 1981 -1 1696 -1 -2
459 -1 460 -1 461 -1 462 -1 463 -1 464 -1 2771 -1 2772 -1 3279 -1 671 -1 468 -1 1529 -1 1389 -1 1968 -1 1907 -1 2679 -1 1846 -1 1715 -1 1693 -1 1520 -1 1694 -1 3320 -1 1695 -1 1690 -1 1482 -1 1483 -1 -2
459 -1 460 -1 461 -1 462 -1 1367 -1 1903 -1 1369 -1 1872 -1 904 -1 903 -1 1383 -1 1389 -1 1980 -1 1908 -1 1846 -1 1715 -1 1693 -1 1520 -1 1694 -1 1974 -1 1690 -1 1482 -1 1483 -1 1696 -1 1717 -1 1982 -1 1486 -1 1999 -1 -2
459 -1 460 -1 461 -1 462 -1 463 -1 464 -1 465 -1 466 -1 467 -1 468 -1 469 -1 658 -1 659 -1 660 -1 661 -1 662 -1 663 -1 664 -1 665 -1 666 -1 667 -1 668 -1 1693 -1 1520 -1 1694 -1 1695 -1 1690 -1 1482 -1 1483 -1 1696 -1 1697 -1 1486 -1 1487 -1 1698 -1 1699 -1 1491 -1 1492 -1 1493 -1 1494 -1 1495 -1 1700 -1 1497 -1 1701 -1 1500 -1 1504 -1 1502 -1 1702 -1 1703 -1 1704 -1 1705 -1 1303 -1 1302 -1 1644 -1 1706 -1 -2
459 -1 460 -1 461 -1 462 -1 463 -1 464 -1 465 -1 466 -1 467 -1 468 -1 469 -1 470 -1 471 -1 472 -1 473 -1 474 -1 475 -1 476 -1 477 -1 478 -1 479 -1 480 -1 1472 -1 1879 -1 1474 -1 1880 -1 1476 -1 1477 -1 1478 -1 1881 -1 1882 -1 1481 -1 1883 -1 1884 -1 1565 -1 2890 -1 2891 -1 1551 -1 1487 -1 1488 -1 1489 -1 1491 -1 1492 -1 1493 -1 1494 -1 -2
459 -1 460 -1 461 -1 462 -1 463 -1 464 -1 465 -1 466 -1 467 -1 468 -1 469 -1 470 -1 471 -1 472 -1 473 -1 474 -1 475 -1 476 -1 477 -1 478 -1 479 -1 480 -1 1472 -1 1879 -1 1474 -1 1880 -1 1476 -1 1477 -1 1478 -1 1881 -1 1882 -1 1481 -1 1883 -1 1884 -1 1485 -1 1486 -1 1487 -1 1488 -1 1489 -1 1491 -1 1492 -1 1493 -1 1494 -1 1495 -1 1496 -1 1497 -1 1499 -1 1500 -1 1501 -1 1502 -1 1503 -1 1570 -1 1571 -1 1712 -1 2520 -1 2280 -1 1703 -1 -2
459 -1 460 -1 461 -1 462 -1 1367 -1 1368 -1 1369 -1 1370 -1 1371 -1 3319 -1 2045 -1 -2
459 -1 460 -1 461 -1 462 -1 463 -1 464 -1 1369 -1 1370 -1 1371 -1 3319 -1 2045 -1 -2
459 -1 460 -1 461 -1 462 -1 463 -1 464 -1 465 -1 466 -1 467 -1 468 -1 1529 -1 1967 -1 1389 -1 1980 -1 1908 -1 1846 -1 1715 -1 1693 -1 1520 -1 1519 -1 1973 -1 1694 -1 1776 -1 2000 -1 1689 -1 1690 -1 1482 -1 1483 -1 1691 -1 1692 -1 1486 -1 1487 -1 1488 -1 1490 -1 1491 -1 1492 -1 1493 -1 1494 -1 1495 -1 1496 -1 1497 -1 1499 -1 1500 -1 1501 -1 1502 -1 1503 -1 1702 -1 2520 -1 1303 -1 1704 -1 -2
459 -1 460 -1 461 -1 462 -1 463 -1 464 -1 465 -1 466 -1 467 -1 468 -1 469 -1 658 -1 660 -1 661 -1 662 -1 663 -1 664 -1 666 -1 1715 -1 1716 -1 1693 -1 1520 -1 1694 -1 1695 -1 1690 -1 1482 -1 1483 -1 1696 -1 1717 -1 1718 -1 1486 -1 1487 -1 1719 -1 1698 -1 1699 -1 1491 -1 1492 -1 1494 -1 -2
459 -1 460 -1 461 -1 462 -1 463 -1 464 -1 465 -1 466 -1 467 -1 468 -1 1529 -1 1967 -1 1389 -1 1968 -1 1907 -1 1908 -1 1846 -1 1715 -1 1520 -1 1519 -1 1973 -1 1974 -1 1690 -1 1996 -1 1981 -1 1696 -1 -2
459 -1 460 -1 461 -1 462 -1 463 -1 464 -1 465 -1 466 -1 467 -1 468 -1 469 -1 658 -1 1843 -1 661 -1 662 -1 1844 -1 1845 -1 1846 -1 1715 -1 1693 -1 1520 -1 1694 -1 1695 -1 1690 -1 1482 -1 1483 -1 1696 -1 1717 -1 1718 -1 1486 -1 1487 -1 1698 -1 1699 -1 1492 -1 1494 -1 -2
459 -1 460 -1 461 -1 462 -1 463 -1 464 -1 1997 -1 1872 -1 904 -1 2677 -1 1383 -1 1968 -1 1980 -1 1908 -1 1846 -1 1715 -1 1693 -1 1520 -1 1694 -1 1695 -1 1690 -1 1482 -1 1483 -1 1981 -1 1696 -1 1717 -1 1982 -1 1486 -1 2854 -1 1698 -1 1490 -1 1489 -1 1568 -1 1631 -1 1632 -1 1633 -1 1634 -1 1635 -1 1636 -1 1494 -1 1495 -1 1496 -1 1497 -1 1498 -1 1499 -1 1637 -1 1638 -1 1503 -1 1570 -1 1571 -1 1639 -1 1640 -1 1641 -1 1302 -1 1303 -1 1705 -1 1704 -1 -2
459 -1 460 -1 461 -1 462 -1 463 -1 464 -1 465 -1 466 -1 467 -1 468 -1 469 -1 658 -1 660 -1 661 -1 662 -1 663 -1 664 -1 666 -1 1715 -1 1716 -1 1693 -1 1520 -1 1694 -1 1695 -1 1690 -1 1482 -1 1483 -1 1696 -1 1717 -1 1718 -1 1486 -1 1487 -1 1719 -1 1698 -1 1699 -1 1491 -1 1492 -1 1494 -1 -2
459 -1 460 -1 461 -1 462 -1 463 -1 464 -1 465 -1 466 -1 467 -1 468 -1 469 -1 658 -1 659 -1 660 -1 661 -1 1290 -1 662 -1 664 -1 665 -1 667 -1 668 -1 1291 -1 1521 -1 2000 -1 1695 -1 1690 -1 1482 -1 1483 -1 1835 -1 1697 -1 1486 -1 1487 -1 1488 -1 1698 -1 1491 -1 1492 -1 1493 -1 1494 -1 1495 -1 -2
459 -1 460 -1 461 -1 462 -1 463 -1 464 -1 465 -1 1189 -1 467 -1 468 -1 1529 -1 1389 -1 1968 -1 1969 -1 1907 -1 1985 -1 1986 -1 1970 -1 1988 -1 1972 -1 1519 -1 1989 -1 2020 -1 1990 -1 1991 -1 1996 -1 1690 -1 1480 -1 1881 -1 1560 -1 1543 -1 1882 -1 2889 -1 1564 -1 1565 -1 2890 -1 2891 -1 1551 -1 1487 -1 1488 -1 1489 -1 1491 -1 1492 -1 1493 -1 1494 -1 1495 -1 1496 -1 1497 -1 1499 -1 1501 -1 1502 -1 1503 -1 1570 -1 1571 -1 1712 -1 1640 -1 1302 -1 1643 -1 1644 -1 -2
459 -1 460 -1 461 -1 462 -1 463 -1 464 -1 465 -1 466 -1 467 -1 468 -1 1529 -1 1967 -1 1389 -1 1978 -1 661 -1 1681 -1 476 -1 1420 -1 2925 -1 2926 -1 1538 -1 1539 -1 1540 -1 481 -1 1766 -1 1768 -1 1592 -1 1622 -1 1623 -1 1477 -1 1561 -1 1562 -1 1770 -1 1564 -1 1565 -1 1566 -1 1567 -1 1550 -1 1630 -1 1631 -1 1568 -1 2025 -1 1491 -1 1493 -1 1494 -1 1495 -1 1496 -1 1497 -1 1498 -1 1499 -1 1637 -1 1501 -1 1503 -1 1570 -1 1571 -1 1639 -1 1640 -1 1302 -1 1303 -1 -2
459 -1 460 -1 461 -1 462 -1 463 -1 464 -1 465 -1 466 -1 467 -1 468 -1 1529 -1 658 -1 659 -1 1679 -1 474 -1 830 -1 1530 -1 829 -1 826 -1 825 -1 824 -1 823 -1 1912 -1 3331 -1 1195 -1 3332 -1 3333 -1 3334 -1 3335 -1 3336 -1 3337 -1 3338 -1 495 -1 494 -1 492 -1 491 -1 489 -1 488 -1 487 -1 2061 -1 1600 -1 486 -1 2290 -1 2291 -1 2292 -1 2293 -1 2294 -1 1606 -1 1607 -1 1608 -1 2001 -1 1611 -1 1612 -1 2002 -1 1613 -1 2295 -1 1616 -1 1617 -1 2069 -1 1619 -1 2015 -1 1621 -1 1864 -1 1865 -1 1897 -1 1867 -1 1496 -1 1673 -1 1744 -1 1637 -1 1745 -1 1638 -1 1570 -1 1571 -1 1639 -1 1640 -1 1641 -1 1902 -1 548 -1 547 -1 628 -1 629 -1 1642 -1 1643 -1 1644 -1 -2
459 -1 460 -1 461 -1 462 -1 463 -1 464 -1 465 -1 466 -1 467 -1 468 -1 469 -1 658 -1 659 -1 660 -1 661 -1 662 -1 664 -1 665 -1 667 -1 668 -1 1291 -1 1694 -1 1776 -1 1695 -1 1690 -1 1482 -1 1483 -1 1696 -1 1697 -1 1486 -1 1487 -1 1488 -1 1698 -1 1491 -1 1492 -1 1493 -1 1494 -1 1495 -1 1700 -1 1497 -1 1500 -1 1504 -1 1502 -1 1503 -1 1702 -1 1703 -1 1704 -1 -2
459 -1 460 -1 461 -1 462 -1 463 -1 464 -1 465 -1 466 -1 467 -1 468 -1 1529 -1 1967 -1 1389 -1 1968 -1 1907 -1 1908 -1 1846 -1 1715 -1 1520 -1 1519 -1 1973 -1 1974 -1 1690 -1 1996 -1 1981 -1 1696 -1 -2
459 -1 460 -1 461 -1 462 -1 463 -1 464 -1 465 -1 466 -1 467 -1 468 -1 469 -1 470 -1 471 -1 472 -1 473 -1 474 -1 475 -1 476 -1 1471 -1 478 -1 479 -1 480 -1 1472 -1 1473 -1 1474 -1 1475 -1 1476 -1 1477 -1 1478 -1 1479 -1 1480 -1 1481 -1 1482 -1 1483 -1 1484 -1 1485 -1 1486 -1 1487 -1 1488 -1 1489 -1 1490 -1 1491 -1 1492 -1 1493 -1 2278 -1 874 -1 -2
459 -1 460 -1 461 -1 462 -1 463 -1 464 -1 465 -1 466 -1 467 -1 468 -1 469 -1 658 -1 659 -1 660 -1 661 -1 662 -1 663 -1 664 -1 665 -1 666 -1 667 -1 668 -1 1693 -1 1520 -1 1694 -1 1695 -1 1690 -1 1482 -1 1483 -1 1835 -1 1696 -1 1717 -1 1486 -1 1487 -1 1698 -1 1699 -1 1491 -1 1492 -1 1494 -1 1635 -1 1621 -1 1864 -1 1866 -1 1495 -1 1496 -1 1498 -1 1744 -1 1637 -1 1745 -1 1638 -1 1503 -1 1570 -1 1571 -1 1639 -1 1640 -1 1641 -1 1302 -1 1301 -1 548 -1 547 -1 629 -1 2026 -1 1849 -1 1706 -1 1644 -1 -2
459 -1 460 -1 461 -1 462 -1 463 -1 464 -1 465 -1 466 -1 467 -1 468 -1 469 -1 658 -1 1843 -1 661 -1 662 -1 1844 -1 1845 -1 1846 -1 1715 -1 1693 -1 1520 -1 1694 -1 1695 -1 1690 -1 1482 -1 1483 -1 1696 -1 1717 -1 1718 -1 1486 -1 1487 -1 1698 -1 1699 -1 1492 -1 1494 -1 -2
459 -1 460 -1 461 -1 462 -1 463 -1 464 -1 465 -1 466 -1 467 -1 468 -1 469 -1 470 -1 471 -1 473 -1 474 -1 2043 -1 475 -1 476 -1 1777 -1 1778 -1 1779 -1 479 -1 480 -1 2675 -1 2676 -1 2114 -1 2587 -1 1479 -1 1689 -1 1984 -1 1690 -1 1482 -1 1483 -1 1484 -1 1692 -1 1486 -1 1487 -1 1488 -1 1489 -1 1491 -1 1492 -1 1493 -1 1494 -1 1495 -1 1496 -1 1497 -1 1499 -1 1500 -1 1701 -1 -2
459 -1 460 -1 461 -1 462 -1 463 -1 464 -1 465 -1 466 -1 467 -1 468 -1 1529 -1 1967 -1 1389 -1 1968 -1 1907 -1 1846 -1 666 -1 665 -1 1687 -1 480 -1 1472 -1 1559 -1 1766 -1 1767 -1 1586 -1 1650 -1 1661 -1 1652 -1 1595 -1 1662 -1 1605 -1 1606 -1 1663 -1 1664 -1 1665 -1 1666 -1 1667 -1 1626 -1 1628 -1 1657 -1 1668 -1 1659 -1 1669 -1 1670 -1 1631 -1 1632 -1 1671 -1 1672 -1 1621 -1 1636 -1 1494 -1 1495 -1 1496 -1 1497 -1 1498 -1 1637 -1 1745 -1 1638 -1 1503 -1 1570 -1 1571 -1 1639 -1 1640 -1 1641 -1 1302 -1 1303 -1 1705 -1 1704 -1 -2
459 -1 1311 -1 1312 -1 1313 -1 1314 -1 1315 -1 -2
459 -1 460 -1 461 -1 462 -1 463 -1 464 -1 465 -1 466 -1 467 -1 902 -1 1383 -1 1389 -1 1968 -1 1969 -1 1907 -1 1985 -1 1986 -1 1970 -1 1988 -1 1972 -1 1519 -1 1989 -1 1973 -1 1974 -1 1695 -1 1690 -1 1482 -1 1483 -1 1696 -1 1717 -1 1718 -1 1486 -1 1487 -1 1698 -1 1699 -1 1492 -1 1494 -1 -2
459 -1 460 -1 461 -1 462 -1 463 -1 464 -1 1369 -1 1370 -1 1371 -1 3048 -1 1874 -1 2116 -1 1995 -1 3049 -1 2287 -1 1388 -1 1987 -1 1970 -1 1846 -1 666 -1 665 -1 667 -1 668 -1 1291 -1 1521 -1 2000 -1 1695 -1 1690 -1 1482 -1 1483 -1 1835 -1 1697 -1 1486 -1 1487 -1 1488 -1 1698 -1 1491 -1 1492 -1 1493 -1 1494 -1 1495 -1 1497 -1 1500 -1 1502 -1 1503 -1 1702 -1 1713 -1 -2
459 -1 460 -1 461 -1 462 -1 463 -1 464 -1 465 -1 466 -1 467 -1 468 -1 1529 -1 1967 -1 1389 -1 1968 -1 1969 -1 1907 -1 1908 -1 1846 -1 666 -1 665 -1 1686 -1 479 -1 480 -1 1472 -1 1879 -1 1474 -1 1880 -1 1476 -1 1477 -1 1478 -1 1881 -1 1882 -1 1481 -1 1883 -1 1884 -1 1485 -1 1486 -1 1487 -1 1488 -1 1489 -1 1491 -1 1492 -1 1493 -1 1494 -1 1495 -1 1496 -1 1497 -1 1499 -1 1500 -1 1501 -1 1502 -1 1503 -1 1570 -1 1571 -1 1712 -1 1640 -1 1302 -1 1644 -1 1643 -1 1849 -1 2026 -1 629 -1 1780 -1 1757 -1 1759 -1 1893 -1 1894 -1 1853 -1 -2
459 -1 460 -1 461 -1 462 -1 1367 -1 1903 -1 1369 -1 1997 -1 1872 -1 1993 -1 904 -1 902 -1 1383 -1 1389 -1 1978 -1 661 -1 1682 -1 476 -1 1420 -1 1556 -1 1557 -1 1539 -1 1540 -1 481 -1 1558 -1 1559 -1 1426 -1 1476 -1 1541 -1 1477 -1 1560 -1 1561 -1 1562 -1 1563 -1 1564 -1 1565 -1 1566 -1 1567 -1 1550 -1 1551 -1 1568 -1 1489 -1 1569 -1 1491 -1 1492 -1 1493 -1 1494 -1 1495 -1 1496 -1 1497 -1 1498 -1 1499 -1 1501 -1 1503 -1 1570 -1 1571 -1 1640 -1 1712 -1 1702 -1 1713 -1 -2
459 -1 1311 -1 1312 -1 1313 -1 1314 -1 1510 -1 -2
459 -1 460 -1 461 -1 462 -1 463 -1 464 -1 1976 -1 3342 -1 2771 -1 2772 -1 3279 -1 671 -1 468 -1 1529 -1 1967 -1 1389 -1 1978 -1 661 -1 3343 -1 3344 -1 476 -1 477 -1 479 -1 1472 -1 1473 -1 1474 -1 1426 -1 1541 -1 1477 -1 1478 -1 3002 -1 3004 -1 3345 -1 3346 -1 3347 -1 3348 -1 3349 -1 2332 -1 872 -1 2330 -1 2278 -1 1493 -1 1494 -1 3350 -1 1496 -1 2659 -1 2658 -1 2657 -1 2795 -1 3351 -1 1079 -1 1259 -1 553 -1 647 -1 646 -1 1256 -1 631 -1 550 -1 1310 -1 -2
459 -1 460 -1 461 -1 462 -1 463 -1 464 -1 465 -1 466 -1 467 -1 468 -1 469 -1 470 -1 471 -1 672 -1 674 -1 1679 -1 1680 -1 1681 -1 1682 -1 1683 -1 1684 -1 1685 -1 1686 -1 1687 -1 1688 -1 668 -1 1291 -1 1521 -1 1689 -1 1690 -1 1482 -1 1483 -1 1691 -1 1692 -1 1486 -1 1487 -1 1488 -1 1490 -1 1491 -1 1492 -1 1493 -1 1494 -1 1495 -1 1496 -1 1497 -1 1499 -1 1500 -1 1501 -1 1502 -1 1503 -1 1702 -1 2520 -1 1303 -1 1302 -1 1644 -1 1706 -1 1849 -1 2026 -1 1850 -1 1780 -1 1757 -1 1758 -1 1759 -1 2515 -1 1894 -1 1853 -1 -2
459 -1 460 -1 461 -1 462 -1 463 -1 464 -1 465 -1 466 -1 467 -1 468 -1 469 -1 470 -1 471 -1 472 -1 473 -1 474 -1 475 -1 476 -1 477 -1 478 -1 479 -1 480 -1 1472 -1 1879 -1 1474 -1 1880 -1 1476 -1 1477 -1 1478 -1 1881 -1 1882 -1 1481 -1 1883 -1 1884 -1 1485 -1 1486 -1 1487 -1 1488 -1 1489 -1 1491 -1 1492 -1 1493 -1 1494 -1 1495 -1 1496 -1 1497 -1 1499 -1 1500 -1 1501 -1 1502 -1 1503 -1 1570 -1 1571 -1 1712 -1 1640 -1 1302 -1 1644 -1 -2
459 -1 460 -1 461 -1 462 -1 463 -1 464 -1 465 -1 1993 -1 904 -1 902 -1 1383 -1 1389 -1 1968 -1 1969 -1 1907 -1 1846 -1 1715 -1 1520 -1 1694 -1 1695 -1 1690 -1 1482 -1 3357 -1 3358 -1 3359 -1 3360 -1 2275 -1 2276 -1 1486 -1 1719 -1 3361 -1 2277 -1 -2
459 -1 460 -1 461 -1 462 -1 1339 -1 1975 -1 3277 -1 2862 -1 1976 -1 464 -1 465 -1 466 -1 1189 -1 467 -1 468 -1 469 -1 658 -1 659 -1 660 -1 661 -1 2268 -1 2270 -1 665 -1 2279 -1 2671 -1 3041 -1 668 -1 1291 -1 1521 -1 2000 -1 1689 -1 3000 -1 3362 -1 1483 -1 1484 -1 3363 -1 3349 -1 3364 -1 3365 -1 1719 -1 2674 -1 3271 -1 -2
459 -1 460 -1 461 -1 462 -1 463 -1 464 -1 465 -1 466 -1 467 -1 468 -1 469 -1 470 -1 471 -1 472 -1 473 -1 474 -1 475 -1 476 -1 1471 -1 478 -1 479 -1 480 -1 1472 -1 1473 -1 1474 -1 1475 -1 1476 -1 1477 -1 1478 -1 1479 -1 1480 -1 1481 -1 1482 -1 1483 -1 1484 -1 1485 -1 1486 -1 1487 -1 1488 -1 1489 -1 1490 -1 1491 -1 1492 -1 1493 -1 1494 -1 1495 -1 1496 -1 1497 -1 1498 -1 1499 -1 1500 -1 1501 -1 1502 -1 1503 -1 1570 -1 1712 -1 1302 -1 1303 -1 1705 -1 1704 -1 -2
459 -1 460 -1 461 -1 462 -1 463 -1 464 -1 465 -1 466 -1 467 -1 468 -1 469 -1 470 -1 471 -1 472 -1 562 -1 563 -1 1577 -1 829 -1 1578 -1 1579 -1 1580 -1 1581 -1 1582 -1 484 -1 485 -1 1909 -1 1661 -1 1603 -1 1604 -1 1605 -1 1606 -1 1607 -1 1665 -1 1666 -1 1910 -1 1610 -1 1657 -1 1668 -1 1669 -1 1614 -1 1615 -1 1616 -1 1617 -1 1618 -1 1632 -1 1911 -1 1671 -1 1621 -1 1864 -1 1866 -1 1495 -1 1496 -1 1498 -1 1744 -1 1637 -1 1745 -1 1638 -1 1503 -1 1570 -1 1571 -1 1639 -1 1640 -1 1641 -1 1302 -1 1303 -1 -2
459 -1 460 -1 461 -1 462 -1 463 -1 464 -1 1261 -1 952 -1 953 -1 1286 -1 1287 -1 1416 -1 468 -1 1529 -1 658 -1 659 -1 674 -1 474 -1 830 -1 1530 -1 2924 -1 2925 -1 3382 -1 3383 -1 3384 -1 3385 -1 3386 -1 3387 -1 3388 -1 3389 -1 3390 -1 3391 -1 1656 -1 1625 -1 3392 -1 1770 -1 3393 -1 3394 -1 1565 -1 1566 -1 3395 -1 1550 -1 1630 -1 3026 -1 1631 -1 1632 -1 3396 -1 3397 -1 3398 -1 3399 -1 1494 -1 1495 -1 1496 -1 1497 -1 1498 -1 1500 -1 3400 -1 1638 -1 3322 -1 3401 -1 1639 -1 1640 -1 1641 -1 1302 -1 1303 -1 1705 -1 -2
459 -1 460 -1 1339 -1 1340 -1 1367 -1 1368 -1 464 -1 1997 -1 1872 -1 904 -1 902 -1 1383 -1 1389 -1 1968 -1 1969 -1 1907 -1 1846 -1 1715 -1 1693 -1 1520 -1 1519 -1 1973 -1 1690 -1 1695 -1 2272 -1 1482 -1 3357 -1 3359 -1 2274 -1 3408 -1 3006 -1 3007 -1 2275 -1 2276 -1 1487 -1 1552 -1 872 -1 1553 -1 2330 -1 1493 -1 1494 -1 -2
459 -1 460 -1 461 -1 462 -1 463 -1 464 -1 465 -1 466 -1 467 -1 468 -1 1529 -1 1967 -1 1389 -1 1968 -1 1969 -1 1907 -1 1908 -1 1846 -1 1715 -1 1693 -1 1520 -1 1694 -1 1974 -1 1690 -1 1482 -1 1483 -1 1835 -1 3409 -1 3410 -1 1487 -1 1719 -1 1490 -1 1492 -1 1493 -1 1494 -1 1495 -1 1496 -1 1497 -1 1498 -1 1499 -1 1500 -1 1501 -1 3322 -1 1570 -1 1639 -1 1640 -1 1641 -1 1302 -1 -2
459 -1 1311 -1 1312 -1 1313 -1 2051 -1 1315 -1 -2
459 -1 460 -1 461 -1 462 -1 463 -1 464 -1 465 -1 466 -1 467 -1 468 -1 1529 -1 1967 -1 1389 -1 1968 -1 3413 -1 3414 -1 3415 -1 3416 -1 3417 -1 3418 -1 1518 -1 1989 -1 2020 -1 1996 -1 1483 -1 1981 -1 1696 -1 1717 -1 1982 -1 1718 -1 -2
459 -1 460 -1 461 -1 462 -1 463 -1 464 -1 2771 -1 3419 -1 3420 -1 3421 -1 3279 -1 671 -1 468 -1 469 -1 658 -1 659 -1 660 -1 661 -1 2268 -1 2269 -1 2271 -1 665 -1 2279 -1 2671 -1 668 -1 1521 -1 1689 -1 1695 -1 2272 -1 2672 -1 2673 -1 2274 -1 2275 -1 2276 -1 1486 -1 2854 -1 874 -1 2278 -1 1493 -1 1494 -1 -2
459 -1 1311 -1 1312 -1 1313 -1 1314 -1 2051 -1 1315 -1 -2
459 -1 460 -1 461 -1 462 -1 1367 -1 1368 -1 1369 -1 1370 -1 1371 -1 3048 -1 1874 -1 1875 -1 1876 -1 2053 -1 2586 -1 1841 -1 2054 -1 1971 -1 1972 -1 1519 -1 1520 -1 1694 -1 1695 -1 1690 -1 1482 -1 1483 -1 1981 -1 1696 -1 1717 -1 1982 -1 1486 -1 1487 -1 1698 -1 1699 -1 1491 -1 1492 -1 1494 -1 1495 -1 1496 -1 1497 -1 1499 -1 1500 -1 1501 -1 1502 -1 -2
459 -1 460 -1 461 -1 462 -1 463 -1 464 -1 465 -1 466 -1 467 -1 468 -1 469 -1 658 -1 659 -1 660 -1 661 -1 662 -1 664 -1 665 -1 667 -1 668 -1 1291 -1 1694 -1 1776 -1 1695 -1 1690 -1 1482 -1 1483 -1 1696 -1 1697 -1 1486 -1 1487 -1 1488 -1 1698 -1 1491 -1 1492 -1 1493 -1 1494 -1 1495 -1 1496 -1 1497 -1 1498 -1 1637 -1 1745 -1 1638 -1 1503 -1 1502 -1 -2
459 -1 1311 -1 1341 -1 1903 -1 1369 -1 1370 -1 1371 -1 1372 -1 3319 -1 2045 -1 -2
459 -1 460 -1 461 -1 462 -1 463 -1 464 -1 465 -1 466 -1 467 -1 468 -1 1529 -1 658 -1 1843 -1 1978 -1 661 -1 1389 -1 1968 -1 1907 -1 1846 -1 1715 -1 1716 -1 1693 -1 668 -1 1520 -1 1973 -1 3422 -1 1690 -1 1482 -1 1483 -1 1835 -1 1696 -1 1697 -1 3423 -1 1719 -1 1698 -1 1490 -1 1491 -1 1492 -1 1493 -1 1494 -1 1495 -1 1496 -1 1497 -1 -2
459 -1 460 -1 461 -1 462 -1 463 -1 464 -1 465 -1 466 -1 467 -1 468 -1 1529 -1 1967 -1 1389 -1 1980 -1 1908 -1 1846 -1 1715 -1 1693 -1 1520 -1 1519 -1 1973 -1 1974 -1 1690 -1 1482 -1 1483 -1 1981 -1 1696 -1 1717 -1 1982 -1 -2
459 -1 460 -1 461 -1 462 -1 463 -1 464 -1 1872 -1 1873 -1 1874 -1 1995 -1 1387 -1 1386 -1 1986 -1 1970 -1 1987 -1 1988 -1 1971 -1 1519 -1 1518 -1 1989 -1 1990 -1 1991 -1 1992 -1 1696 -1 -2
459 -1 460 -1 461 -1 462 -1 463 -1 464 -1 465 -1 466 -1 467 -1 468 -1 469 -1 470 -1 471 -1 472 -1 1531 -1 1555 -1 830 -1 1419 -1 1420 -1 1556 -1 1557 -1 1539 -1 1540 -1 481 -1 1558 -1 1559 -1 1426 -1 1476 -1 1541 -1 1477 -1 1560 -1 1561 -1 1562 -1 1563 -1 1564 -1 1565 -1 1566 -1 1567 -1 1550 -1 1551 -1 1568 -1 1489 -1 1569 -1 1491 -1 1492 -1 1493 -1 1494 -1 1495 -1 1496 -1 1497 -1 -2
459 -1 460 -1 461 -1 462 -1 463 -1 464 -1 465 -1 466 -1 467 -1 468 -1 469 -1 658 -1 1843 -1 661 -1 662 -1 1844 -1 1845 -1 1846 -1 1715 -1 1693 -1 1520 -1 1694 -1 1695 -1 1690 -1 1482 -1 1483 -1 1696 -1 1717 -1 1718 -1 1486 -1 1487 -1 1698 -1 1699 -1 1492 -1 1494 -1 -2
459 -1 460 -1 461 -1 462 -1 1367 -1 1368 -1 464 -1 465 -1 1189 -1 467 -1 1529 -1 658 -1 659 -1 660 -1 661 -1 662 -1 663 -1 664 -1 665 -1 666 -1 667 -1 668 -1 1693 -1 1520 -1 1694 -1 1695 -1 1690 -1 1482 -1 1483 -1 1696 -1 1697 -1 1486 -1 1487 -1 1698 -1 1699 -1 1491 -1 1492 -1 1493 -1 1494 -1 1495 -1 1700 -1 1497 -1 -2
459 -1 460 -1 461 -1 462 -1 463 -1 464 -1 465 -1 466 -1 953 -1 1286 -1 467 -1 468 -1 1529 -1 658 -1 659 -1 660 -1 661 -1 662 -1 664 -1 665 -1 667 -1 668 -1 2676 -1 1474 -1 1426 -1 1768 -1 1592 -1 1622 -1 1623 -1 1477 -1 1561 -1 1562 -1 1770 -1 1564 -1 1565 -1 1566 -1 1567 -1 1550 -1 1630 -1 1631 -1 1568 -1 2025 -1 1491 -1 1493 -1 1494 -1 -2
459 -1 460 -1 461 -1 462 -1 463 -1 464 -1 465 -1 466 -1 467 -1 468 -1 469 -1 658 -1 660 -1 661 -1 1290 -1 662 -1 664 -1 665 -1 2279 -1 3041 -1 668 -1 1521 -1 1689 -1 3000 -1 2272 -1 3424 -1 3425 -1 3358 -1 3359 -1 2274 -1 2275 -1 2276 -1 1486 -1 1771 -1 3361 -1 874 -1 -2
459 -1 460 -1 461 -1 462 -1 463 -1 464 -1 465 -1 466 -1 467 -1 468 -1 469 -1 658 -1 659 -1 660 -1 661 -1 662 -1 663 -1 664 -1 665 -1 666 -1 667 -1 668 -1 1693 -1 1520 -1 1694 -1 1695 -1 1690 -1 1482 -1 1483 -1 1696 -1 1697 -1 1486 -1 1487 -1 1698 -1 1699 -1 1491 -1 1492 -1 1493 -1 1494 -1 1495 -1 1700 -1 1497 -1 1701 -1 1500 -1 1504 -1 1502 -1 -2
459 -1 1430 -1 2862 -1 3426 -1 3420 -1 3419 -1 3279 -1 671 -1 1895 -1 1529 -1 658 -1 659 -1 831 -1 674 -1 474 -1 1530 -1 3427 -1 829 -1 828 -1 3428 -1 2774 -1 3429 -1 3430 -1 3431 -1 3432 -1 2779 -1 3433 -1 3434 -1 2294 -1 3435 -1 3436 -1 3437 -1 3438 -1 3439 -1 3440 -1 3441 -1 3442 -1 3443 -1 3444 -1 2722 -1 2342 -1 868 -1 867 -1 3445 -1 3446 -1 3447 -1 3448 -1 3449 -1 3340 -1 3450 -1 3451 -1 3452 -1 3453 -1 3454 -1 2792 -1 1900 -1 3455 -1 2658 -1 2795 -1 3351 -1 1078 -1 1079 -1 1259 -1 1258 -1 1256 -1 3457 -1 3459 -1 3461 -1 1639 -1 1309 -1 3462 -1 -2
459 -1 460 -1 461 -1 462 -1 463 -1 464 -1 465 -1 466 -1 467 -1 468 -1 469 -1 470 -1 471 -1 472 -1 562 -1 563 -1 564 -1 565 -1 566 -1 567 -1 568 -1 3506 -1 570 -1 571 -1 3508 -1 3509 -1 3510 -1 3511 -1 3512 -1 3513 -1 3514 -1 3515 -1 1732 -1 1731 -1 3516 -1 3517 -1 3518 -1 2898 -1 3519 -1 3520 -1 3521 -1 2592 -1 514 -1 3522 -1 3523 -1 3524 -1 3525 -1 3526 -1 3527 -1 3528 -1 3529 -1 3530 -1 3531 -1 3532 -1 3533 -1 3534 -1 3535 -1 539 -1 1252 -1 3536 -1 622 -1 3537 -1 3538 -1 3539 -1 3108 -1 3107 -1 3545 -1 2476 -1 3546 -1 3547 -1 3548 -1 3549 -1 3550 -1 3552 -1 3153 -1 1041 -1 1043 -1 3553 -1 3554 -1 3555 -1 3556 -1 3557 -1 -2
