42 -1 54 -1 54 -1 54 -1 -2
42 -1 46 -1 46 -1 46 -1 46 -1 46 -1 97 -1 96 -1 114 -1 98 -1 42 -1 116 -1 42 -1 46 -1 46 -1 46 -1 46 -1 46 -1 46 -1 46 -1 46 -1 46 -1 46 -1 46 -1 42 -1 42 -1 42 -1 42 -1 42 -1 42 -1 42 -1 42 -1 42 -1 42 -1 42 -1 42 -1 42 -1 42 -1 42 -1 42 -1 42 -1 42 -1 42 -1 42 -1 42 -1 42 -1 97 -1 118 -1 96 -1 117 -1 114 -1 98 -1 125 -1 116 -1 42 -1 42 -1 42 -1 42 -1 42 -1 42 -1 42 -1 42 -1 42 -1 46 -1 119 -1 46 -1 46 -1 46 -1 42 -1 42 -1 42 -1 42 -1 42 -1 42 -1 42 -1 42 -1 42 -1 42 -1 42 -1 42 -1 42 -1 42 -1 42 -1 42 -1 50 -1 54 -1 54 -1 54 -1 54 -1 -2
97 -1 96 -1 114 -1 98 -1 119 -1 46 -1 42 -1 42 -1 46 -1 46 -1 46 -1 46 -1 46 -1 46 -1 46 -1 46 -1 46 -1 46 -1 46 -1 46 -1 46 -1 46 -1 46 -1 46 -1 46 -1 46 -1 46 -1 46 -1 46 -1 46 -1 46 -1 46 -1 42 -1 42 -1 42 -1 42 -1 42 -1 42 -1 42 -1 42 -1 42 -1 42 -1 42 -1 42 -1 42 -1 42 -1 42 -1 42 -1 42 -1 42 -1 42 -1 42 -1 42 -1 42 -1 42 -1 42 -1 42 -1 42 -1 42 -1 42 -1 42 -1 42 -1 42 -1 42 -1 42 -1 54 -1 -2
97 -1 118 -1 115 -1 102 -1 114 -1 98 -1 42 -1 46 -1 46 -1 46 -1 46 -1 46 -1 46 -1 46 -1 46 -1 46 -1 46 -1 46 -1 46 -1 46 -1 46 -1 46 -1 46 -1 46 -1 46 -1 46 -1 42 -1 42 -1 42 -1 42 -1 42 -1 42 -1 42 -1 42 -1 42 -1 42 -1 42 -1 42 -1 42 -1 42 -1 42 -1 42 -1 42 -1 42 -1 42 -1 42 -1 42 -1 42 -1 42 -1 42 -1 42 -1 42 -1 42 -1 42 -1 42 -1 42 -1 42 -1 42 -1 42 -1 42 -1 42 -1 42 -1 50 -1 42 -1 42 -1 42 -1 42 -1 42 -1 42 -1 54 -1 54 -1 54 -1 54 -1 54 -1 54 -1 -2
97 -1 115 -1 99 -1 102 -1 114 -1 98 -1 116 -1 119 -1 15 -1 116 -1 97 -1 121 -1 42 -1 46 -1 46 -1 46 -1 46 -1 46 -1 46 -1 46 -1 46 -1 46 -1 42 -1 42 -1 42 -1 42 -1 42 -1 42 -1 42 -1 42 -1 42 -1 42 -1 42 -1 42 -1 42 -1 42 -1 42 -1 46 -1 42 -1 42 -1 42 -1 42 -1 42 -1 42 -1 42 -1 42 -1 42 -1 2 -1 97 -1 118 -1 98 -1 119 -1 42 -1 46 -1 42 -1 42 -1 42 -1 42 -1 46 -1 42 -1 42 -1 42 -1 46 -1 42 -1 42 -1 42 -1 42 -1 42 -1 42 -1 42 -1 54 -1 -2
97 -1 96 -1 114 -1 98 -1 119 -1 42 -1 46 -1 46 -1 42 -1 46 -1 46 -1 46 -1 46 -1 46 -1 46 -1 46 -1 46 -1 46 -1 42 -1 42 -1 42 -1 42 -1 42 -1 42 -1 42 -1 42 -1 42 -1 42 -1 42 -1 42 -1 42 -1 42 -1 42 -1 42 -1 42 -1 42 -1 42 -1 42 -1 42 -1 42 -1 42 -1 42 -1 46 -1 42 -1 42 -1 42 -1 42 -1 42 -1 42 -1 42 -1 42 -1 42 -1 42 -1 42 -1 46 -1 -2
46 -1 46 -1 46 -1 46 -1 46 -1 42 -1 42 -1 42 -1 42 -1 42 -1 42 -1 42 -1 42 -1 42 -1 42 -1 42 -1 42 -1 42 -1 42 -1 42 -1 42 -1 42 -1 46 -1 42 -1 42 -1 50 -1 46 -1 42 -1 42 -1 42 -1 42 -1 42 -1 42 -1 42 -1 42 -1 42 -1 42 -1 46 -1 42 -1 46 -1 42 -1 42 -1 46 -1 42 -1 42 -1 42 -1 42 -1 54 -1 46 -1 46 -1 42 -1 42 -1 42 -1 42 -1 42 -1 42 -1 54 -1 54 -1 54 -1 -2
46 -1 102 -1 114 -1 42 -1 98 -1 42 -1 46 -1 46 -1 46 -1 46 -1 46 -1 46 -1 42 -1 42 -1 42 -1 42 -1 42 -1 42 -1 42 -1 42 -1 42 -1 42 -1 42 -1 42 -1 42 -1 42 -1 42 -1 42 -1 42 -1 42 -1 42 -1 42 -1 46 -1 42 -1 42 -1 42 -1 42 -1 42 -1 46 -1 42 -1 42 -1 42 -1 46 -1 42 -1 42 -1 46 -1 42 -1 42 -1 46 -1 42 -1 42 -1 42 -1 42 -1 42 -1 42 -1 42 -1 42 -1 50 -1 42 -1 54 -1 54 -1 54 -1 -2
46 -1 46 -1 46 -1 46 -1 46 -1 96 -1 114 -1 101 -1 98 -1 42 -1 119 -1 42 -1 42 -1 46 -1 42 -1 42 -1 42 -1 42 -1 42 -1 42 -1 42 -1 42 -1 42 -1 46 -1 42 -1 42 -1 42 -1 42 -1 46 -1 42 -1 42 -1 46 -1 42 -1 42 -1 42 -1 42 -1 42 -1 42 -1 42 -1 42 -1 42 -1 42 -1 42 -1 42 -1 46 -1 42 -1 42 -1 42 -1 42 -1 42 -1 42 -1 42 -1 42 -1 42 -1 42 -1 42 -1 42 -1 42 -1 42 -1 54 -1 -2
46 -1 46 -1 46 -1 46 -1 46 -1 46 -1 42 -1 42 -1 42 -1 42 -1 42 -1 42 -1 42 -1 102 -1 42 -1 42 -1 42 -1 42 -1 42 -1 42 -1 46 -1 46 -1 42 -1 42 -1 42 -1 42 -1 42 -1 42 -1 42 -1 42 -1 42 -1 42 -1 42 -1 42 -1 42 -1 42 -1 42 -1 42 -1 42 -1 42 -1 42 -1 42 -1 42 -1 42 -1 42 -1 42 -1 42 -1 42 -1 -2
46 -1 46 -1 46 -1 46 -1 42 -1 42 -1 42 -1 42 -1 42 -1 42 -1 42 -1 -2
46 -1 46 -1 46 -1 46 -1 42 -1 102 -1 46 -1 98 -1 46 -1 42 -1 42 -1 42 -1 42 -1 42 -1 42 -1 42 -1 42 -1 42 -1 42 -1 42 -1 42 -1 42 -1 42 -1 42 -1 42 -1 42 -1 42 -1 42 -1 -2
46 -1 42 -1 42 -1 46 -1 46 -1 46 -1 46 -1 46 -1 42 -1 42 -1 42 -1 42 -1 42 -1 42 -1 42 -1 46 -1 102 -1 114 -1 46 -1 46 -1 42 -1 98 -1 42 -1 42 -1 42 -1 46 -1 42 -1 42 -1 42 -1 46 -1 46 -1 42 -1 42 -1 42 -1 -2
46 -1 42 -1 46 -1 46 -1 42 -1 42 -1 42 -1 42 -1 42 -1 42 -1 46 -1 42 -1 42 -1 42 -1 42 -1 42 -1 42 -1 42 -1 46 -1 42 -1 42 -1 46 -1 46 -1 42 -1 42 -1 46 -1 42 -1 42 -1 42 -1 -2
46 -1 46 -1 46 -1 42 -1 42 -1 42 -1 42 -1 46 -1 46 -1 46 -1 46 -1 46 -1 46 -1 46 -1 46 -1 46 -1 42 -1 42 -1 42 -1 42 -1 42 -1 42 -1 42 -1 42 -1 42 -1 46 -1 46 -1 42 -1 42 -1 42 -1 42 -1 42 -1 42 -1 42 -1 -2
46 -1 46 -1 46 -1 46 -1 46 -1 46 -1 46 -1 46 -1 46 -1 46 -1 46 -1 42 -1 42 -1 42 -1 42 -1 54 -1 54 -1 54 -1 54 -1 50 -1 42 -1 42 -1 42 -1 42 -1 42 -1 42 -1 42 -1 42 -1 42 -1 42 -1 42 -1 42 -1 42 -1 42 -1 42 -1 -2
16 -1 97 -1 115 -1 124 -1 115 -1 99 -1 102 -1 114 -1 104 -1 119 -1 116 -1 46 -1 46 -1 46 -1 46 -1 46 -1 46 -1 46 -1 46 -1 46 -1 46 -1 46 -1 42 -1 42 -1 42 -1 13 -1 97 -1 118 -1 115 -1 42 -1 42 -1 42 -1 42 -1 42 -1 42 -1 42 -1 42 -1 42 -1 42 -1 42 -1 42 -1 42 -1 46 -1 42 -1 42 -1 42 -1 42 -1 42 -1 42 -1 42 -1 46 -1 42 -1 42 -1 42 -1 42 -1 42 -1 42 -1 42 -1 42 -1 46 -1 42 -1 42 -1 46 -1 46 -1 46 -1 46 -1 42 -1 42 -1 42 -1 42 -1 42 -1 42 -1 42 -1 42 -1 42 -1 42 -1 42 -1 42 -1 54 -1 54 -1 54 -1 -2
97 -1 96 -1 114 -1 98 -1 46 -1 46 -1 46 -1 46 -1 46 -1 46 -1 46 -1 42 -1 42 -1 42 -1 42 -1 42 -1 46 -1 46 -1 46 -1 46 -1 46 -1 46 -1 46 -1 42 -1 42 -1 42 -1 42 -1 42 -1 42 -1 42 -1 42 -1 42 -1 42 -1 42 -1 42 -1 42 -1 42 -1 42 -1 42 -1 42 -1 42 -1 -2
96 -1 114 -1 98 -1 46 -1 46 -1 46 -1 46 -1 46 -1 46 -1 46 -1 46 -1 46 -1 46 -1 42 -1 42 -1 42 -1 42 -1 46 -1 42 -1 42 -1 42 -1 42 -1 46 -1 46 -1 46 -1 42 -1 42 -1 42 -1 42 -1 42 -1 42 -1 42 -1 42 -1 46 -1 42 -1 42 -1 42 -1 42 -1 42 -1 42 -1 46 -1 46 -1 46 -1 42 -1 42 -1 42 -1 42 -1 42 -1 42 -1 42 -1 42 -1 42 -1 42 -1 46 -1 42 -1 42 -1 42 -1 42 -1 42 -1 42 -1 42 -1 42 -1 42 -1 42 -1 46 -1 42 -1 42 -1 42 -1 54 -1 42 -1 42 -1 54 -1 54 -1 -2
42 -1 42 -1 46 -1 46 -1 46 -1 46 -1 46 -1 46 -1 46 -1 46 -1 46 -1 46 -1 42 -1 42 -1 42 -1 42 -1 42 -1 46 -1 46 -1 42 -1 42 -1 42 -1 42 -1 42 -1 42 -1 42 -1 42 -1 42 -1 42 -1 42 -1 42 -1 42 -1 42 -1 42 -1 42 -1 42 -1 42 -1 42 -1 46 -1 42 -1 42 -1 42 -1 42 -1 42 -1 42 -1 42 -1 42 -1 42 -1 42 -1 42 -1 42 -1 42 -1 42 -1 46 -1 42 -1 42 -1 -2
42 -1 46 -1 46 -1 46 -1 46 -1 46 -1 46 -1 46 -1 46 -1 46 -1 46 -1 42 -1 42 -1 42 -1 42 -1 42 -1 42 -1 42 -1 42 -1 42 -1 46 -1 42 -1 42 -1 42 -1 42 -1 42 -1 42 -1 42 -1 42 -1 42 -1 42 -1 42 -1 42 -1 42 -1 42 -1 42 -1 42 -1 42 -1 42 -1 42 -1 42 -1 42 -1 42 -1 42 -1 42 -1 42 -1 42 -1 42 -1 42 -1 42 -1 -2
42 -1 46 -1 46 -1 46 -1 46 -1 46 -1 46 -1 46 -1 46 -1 46 -1 46 -1 46 -1 46 -1 42 -1 42 -1 42 -1 42 -1 42 -1 42 -1 42 -1 42 -1 42 -1 42 -1 42 -1 42 -1 42 -1 42 -1 42 -1 54 -1 54 -1 54 -1 -2
119 -1 122 -1 42 -1 46 -1 46 -1 46 -1 46 -1 46 -1 46 -1 46 -1 46 -1 46 -1 46 -1 46 -1 42 -1 42 -1 42 -1 42 -1 42 -1 42 -1 42 -1 42 -1 42 -1 42 -1 42 -1 42 -1 42 -1 42 -1 42 -1 42 -1 42 -1 42 -1 42 -1 42 -1 42 -1 42 -1 42 -1 42 -1 42 -1 42 -1 42 -1 42 -1 42 -1 42 -1 -2
96 -1 114 -1 98 -1 42 -1 46 -1 46 -1 46 -1 46 -1 46 -1 46 -1 46 -1 46 -1 42 -1 42 -1 42 -1 42 -1 42 -1 42 -1 42 -1 42 -1 42 -1 46 -1 46 -1 46 -1 46 -1 46 -1 42 -1 42 -1 42 -1 42 -1 42 -1 42 -1 42 -1 42 -1 42 -1 42 -1 42 -1 50 -1 46 -1 42 -1 42 -1 42 -1 42 -1 42 -1 42 -1 42 -1 42 -1 46 -1 42 -1 42 -1 42 -1 46 -1 46 -1 46 -1 46 -1 46 -1 42 -1 42 -1 42 -1 42 -1 42 -1 42 -1 42 -1 42 -1 42 -1 42 -1 42 -1 42 -1 42 -1 42 -1 42 -1 42 -1 42 -1 42 -1 30 -1 125 -1 10 -1 116 -1 117 -1 54 -1 54 -1 54 -1 54 -1 54 -1 54 -1 -2
119 -1 30 -1 116 -1 33 -1 128 -1 114 -1 96 -1 42 -1 46 -1 46 -1 46 -1 46 -1 46 -1 46 -1 46 -1 46 -1 46 -1 42 -1 42 -1 42 -1 42 -1 42 -1 42 -1 42 -1 42 -1 42 -1 42 -1 42 -1 42 -1 46 -1 46 -1 46 -1 42 -1 42 -1 42 -1 46 -1 42 -1 46 -1 42 -1 42 -1 42 -1 42 -1 42 -1 42 -1 42 -1 46 -1 46 -1 42 -1 42 -1 42 -1 42 -1 42 -1 46 -1 42 -1 42 -1 42 -1 46 -1 42 -1 42 -1 42 -1 42 -1 42 -1 42 -1 46 -1 46 -1 46 -1 42 -1 42 -1 42 -1 42 -1 42 -1 28 -1 26 -1 116 -1 42 -1 42 -1 42 -1 42 -1 42 -1 42 -1 42 -1 54 -1 54 -1 54 -1 54 -1 54 -1 -2
119 -1 116 -1 101 -1 98 -1 115 -1 97 -1 114 -1 102 -1 42 -1 46 -1 46 -1 46 -1 46 -1 46 -1 46 -1 46 -1 46 -1 42 -1 42 -1 42 -1 42 -1 42 -1 42 -1 42 -1 42 -1 42 -1 42 -1 42 -1 46 -1 46 -1 46 -1 46 -1 42 -1 42 -1 42 -1 42 -1 42 -1 42 -1 42 -1 42 -1 -2
115 -1 97 -1 119 -1 116 -1 9 -1 104 -1 3 -1 10 -1 115 -1 100 -1 114 -1 96 -1 46 -1 46 -1 46 -1 46 -1 46 -1 46 -1 42 -1 46 -1 46 -1 46 -1 46 -1 46 -1 46 -1 46 -1 46 -1 46 -1 46 -1 42 -1 42 -1 42 -1 42 -1 42 -1 46 -1 46 -1 46 -1 46 -1 46 -1 46 -1 46 -1 46 -1 42 -1 42 -1 42 -1 42 -1 42 -1 42 -1 42 -1 42 -1 42 -1 42 -1 42 -1 42 -1 42 -1 42 -1 42 -1 42 -1 42 -1 42 -1 42 -1 42 -1 42 -1 42 -1 42 -1 42 -1 97 -1 118 -1 96 -1 117 -1 98 -1 42 -1 42 -1 42 -1 42 -1 42 -1 119 -1 97 -1 115 -1 114 -1 96 -1 119 -1 116 -1 42 -1 42 -1 42 -1 42 -1 42 -1 42 -1 42 -1 46 -1 101 -1 46 -1 46 -1 46 -1 46 -1 46 -1 46 -1 42 -1 42 -1 42 -1 42 -1 42 -1 42 -1 42 -1 42 -1 42 -1 42 -1 43 -1 43 -1 43 -1 43 -1 43 -1 4 -1 114 -1 42 -1 42 -1 43 -1 54 -1 54 -1 50 -1 50 -1 50 -1 -2
97 -1 96 -1 114 -1 98 -1 46 -1 46 -1 46 -1 46 -1 46 -1 46 -1 46 -1 46 -1 43 -1 42 -1 42 -1 42 -1 42 -1 46 -1 46 -1 46 -1 46 -1 46 -1 46 -1 114 -1 115 -1 97 -1 46 -1 46 -1 46 -1 42 -1 116 -1 42 -1 42 -1 42 -1 42 -1 42 -1 42 -1 42 -1 42 -1 42 -1 42 -1 42 -1 42 -1 42 -1 42 -1 42 -1 42 -1 42 -1 46 -1 46 -1 46 -1 46 -1 46 -1 46 -1 46 -1 42 -1 42 -1 42 -1 42 -1 42 -1 42 -1 42 -1 42 -1 43 -1 43 -1 43 -1 43 -1 43 -1 43 -1 43 -1 46 -1 46 -1 46 -1 46 -1 43 -1 43 -1 43 -1 43 -1 46 -1 46 -1 46 -1 46 -1 46 -1 125 -1 46 -1 46 -1 42 -1 116 -1 42 -1 42 -1 42 -1 42 -1 42 -1 42 -1 42 -1 42 -1 42 -1 42 -1 42 -1 42 -1 42 -1 42 -1 42 -1 42 -1 42 -1 42 -1 42 -1 42 -1 42 -1 42 -1 42 -1 42 -1 54 -1 54 -1 54 -1 -2
114 -1 102 -1 98 -1 46 -1 46 -1 46 -1 46 -1 46 -1 46 -1 46 -1 46 -1 46 -1 43 -1 43 -1 43 -1 42 -1 42 -1 42 -1 42 -1 42 -1 42 -1 43 -1 43 -1 42 -1 42 -1 52 -1 52 -1 52 -1 52 -1 52 -1 52 -1 52 -1 52 -1 52 -1 52 -1 52 -1 52 -1 52 -1 43 -1 42 -1 42 -1 42 -1 42 -1 42 -1 42 -1 52 -1 52 -1 54 -1 54 -1 54 -1 50 -1 42 -1 46 -1 46 -1 46 -1 46 -1 46 -1 46 -1 46 -1 42 -1 42 -1 42 -1 42 -1 42 -1 42 -1 42 -1 42 -1 42 -1 42 -1 46 -1 46 -1 46 -1 46 -1 46 -1 46 -1 42 -1 42 -1 54 -1 54 -1 54 -1 54 -1 54 -1 54 -1 54 -1 54 -1 54 -1 -2
98 -1 96 -1 46 -1 46 -1 46 -1 46 -1 46 -1 46 -1 46 -1 46 -1 46 -1 46 -1 46 -1 46 -1 46 -1 46 -1 42 -1 42 -1 42 -1 42 -1 42 -1 42 -1 42 -1 42 -1 42 -1 42 -1 42 -1 42 -1 42 -1 42 -1 42 -1 42 -1 42 -1 42 -1 42 -1 42 -1 42 -1 42 -1 46 -1 46 -1 46 -1 42 -1 42 -1 42 -1 42 -1 42 -1 42 -1 42 -1 42 -1 42 -1 42 -1 42 -1 46 -1 46 -1 46 -1 46 -1 42 -1 96 -1 42 -1 42 -1 42 -1 46 -1 46 -1 46 -1 46 -1 42 -1 42 -1 42 -1 42 -1 42 -1 42 -1 54 -1 54 -1 54 -1 54 -1 119 -1 98 -1 50 -1 114 -1 42 -1 46 -1 46 -1 42 -1 42 -1 42 -1 42 -1 42 -1 42 -1 43 -1 43 -1 43 -1 43 -1 43 -1 43 -1 -2
46 -1 46 -1 46 -1 46 -1 46 -1 46 -1 46 -1 46 -1 46 -1 46 -1 46 -1 42 -1 42 -1 42 -1 42 -1 42 -1 42 -1 42 -1 42 -1 42 -1 42 -1 42 -1 42 -1 42 -1 42 -1 42 -1 42 -1 42 -1 42 -1 42 -1 42 -1 42 -1 42 -1 46 -1 46 -1 46 -1 42 -1 42 -1 42 -1 42 -1 42 -1 42 -1 42 -1 42 -1 42 -1 42 -1 42 -1 42 -1 42 -1 42 -1 42 -1 42 -1 42 -1 42 -1 42 -1 42 -1 42 -1 42 -1 42 -1 42 -1 42 -1 42 -1 42 -1 54 -1 54 -1 50 -1 50 -1 50 -1 51 -1 -2
50 -1 54 -1 50 -1 46 -1 46 -1 46 -1 46 -1 46 -1 46 -1 46 -1 46 -1 46 -1 46 -1 46 -1 46 -1 42 -1 42 -1 42 -1 42 -1 54 -1 46 -1 46 -1 46 -1 46 -1 42 -1 42 -1 42 -1 42 -1 42 -1 -2
115 -1 97 -1 114 -1 96 -1 119 -1 98 -1 46 -1 46 -1 46 -1 42 -1 42 -1 42 -1 54 -1 54 -1 46 -1 42 -1 42 -1 42 -1 42 -1 50 -1 54 -1 54 -1 -2
97 -1 114 -1 96 -1 119 -1 116 -1 104 -1 46 -1 46 -1 46 -1 46 -1 46 -1 54 -1 46 -1 46 -1 46 -1 46 -1 46 -1 46 -1 46 -1 46 -1 42 -1 42 -1 42 -1 42 -1 44 -1 42 -1 42 -1 42 -1 42 -1 52 -1 52 -1 52 -1 52 -1 52 -1 52 -1 52 -1 42 -1 42 -1 42 -1 42 -1 42 -1 42 -1 42 -1 42 -1 42 -1 42 -1 42 -1 42 -1 42 -1 42 -1 42 -1 50 -1 46 -1 46 -1 46 -1 42 -1 42 -1 42 -1 42 -1 42 -1 42 -1 42 -1 42 -1 42 -1 46 -1 46 -1 46 -1 42 -1 42 -1 42 -1 50 -1 54 -1 54 -1 54 -1 54 -1 -2
115 -1 97 -1 119 -1 104 -1 46 -1 46 -1 46 -1 46 -1 46 -1 46 -1 46 -1 46 -1 46 -1 54 -1 42 -1 42 -1 42 -1 42 -1 42 -1 42 -1 42 -1 42 -1 54 -1 54 -1 54 -1 42 -1 42 -1 46 -1 46 -1 46 -1 46 -1 46 -1 46 -1 42 -1 50 -1 42 -1 42 -1 42 -1 42 -1 42 -1 -2
119 -1 98 -1 96 -1 46 -1 46 -1 46 -1 46 -1 46 -1 46 -1 46 -1 46 -1 46 -1 42 -1 42 -1 42 -1 42 -1 42 -1 42 -1 42 -1 42 -1 42 -1 46 -1 46 -1 46 -1 46 -1 46 -1 46 -1 46 -1 46 -1 46 -1 46 -1 46 -1 46 -1 42 -1 42 -1 42 -1 42 -1 54 -1 50 -1 42 -1 46 -1 46 -1 46 -1 42 -1 42 -1 42 -1 42 -1 46 -1 46 -1 46 -1 46 -1 46 -1 46 -1 46 -1 42 -1 50 -1 54 -1 54 -1 42 -1 42 -1 46 -1 50 -1 42 -1 42 -1 42 -1 46 -1 54 -1 54 -1 54 -1 54 -1 54 -1 42 -1 42 -1 42 -1 42 -1 42 -1 42 -1 42 -1 42 -1 42 -1 42 -1 42 -1 42 -1 42 -1 54 -1 54 -1 54 -1 54 -1 -2
119 -1 116 -1 98 -1 96 -1 46 -1 46 -1 46 -1 46 -1 46 -1 46 -1 46 -1 46 -1 46 -1 46 -1 43 -1 42 -1 44 -1 46 -1 46 -1 43 -1 42 -1 114 -1 42 -1 42 -1 46 -1 46 -1 42 -1 42 -1 42 -1 43 -1 43 -1 46 -1 46 -1 46 -1 46 -1 42 -1 42 -1 42 -1 42 -1 42 -1 42 -1 42 -1 42 -1 42 -1 42 -1 42 -1 46 -1 46 -1 42 -1 42 -1 42 -1 54 -1 54 -1 54 -1 42 -1 42 -1 42 -1 46 -1 46 -1 46 -1 50 -1 50 -1 46 -1 46 -1 46 -1 42 -1 50 -1 46 -1 42 -1 42 -1 42 -1 42 -1 42 -1 42 -1 42 -1 42 -1 42 -1 42 -1 42 -1 42 -1 42 -1 42 -1 42 -1 42 -1 42 -1 54 -1 54 -1 54 -1 54 -1 54 -1 54 -1 54 -1 54 -1 54 -1 54 -1 54 -1 54 -1 54 -1 54 -1 54 -1 54 -1 -2
46 -1 46 -1 46 -1 46 -1 46 -1 46 -1 46 -1 42 -1 46 -1 46 -1 46 -1 46 -1 42 -1 42 -1 42 -1 42 -1 46 -1 46 -1 42 -1 42 -1 42 -1 42 -1 46 -1 46 -1 46 -1 42 -1 42 -1 42 -1 42 -1 42 -1 42 -1 42 -1 42 -1 42 -1 42 -1 42 -1 42 -1 46 -1 46 -1 42 -1 42 -1 42 -1 42 -1 42 -1 42 -1 42 -1 42 -1 46 -1 42 -1 42 -1 42 -1 42 -1 42 -1 42 -1 42 -1 42 -1 42 -1 42 -1 46 -1 46 -1 42 -1 42 -1 42 -1 42 -1 42 -1 42 -1 42 -1 50 -1 54 -1 54 -1 54 -1 -2
97 -1 125 -1 29 -1 98 -1 27 -1 29 -1 31 -1 33 -1 128 -1 102 -1 43 -1 46 -1 46 -1 46 -1 46 -1 43 -1 50 -1 46 -1 46 -1 46 -1 46 -1 46 -1 42 -1 42 -1 42 -1 42 -1 46 -1 46 -1 46 -1 42 -1 42 -1 42 -1 42 -1 42 -1 42 -1 42 -1 46 -1 42 -1 42 -1 42 -1 42 -1 42 -1 42 -1 42 -1 42 -1 42 -1 42 -1 42 -1 42 -1 42 -1 42 -1 42 -1 42 -1 42 -1 42 -1 42 -1 42 -1 42 -1 -2
46 -1 46 -1 46 -1 46 -1 46 -1 46 -1 46 -1 46 -1 46 -1 42 -1 42 -1 42 -1 42 -1 42 -1 42 -1 42 -1 46 -1 46 -1 46 -1 46 -1 46 -1 46 -1 46 -1 46 -1 42 -1 42 -1 42 -1 42 -1 42 -1 42 -1 42 -1 42 -1 42 -1 42 -1 42 -1 42 -1 42 -1 42 -1 42 -1 42 -1 42 -1 42 -1 42 -1 42 -1 42 -1 42 -1 42 -1 42 -1 42 -1 42 -1 42 -1 42 -1 42 -1 54 -1 54 -1 -2
97 -1 118 -1 97 -1 102 -1 98 -1 100 -1 46 -1 46 -1 46 -1 46 -1 46 -1 46 -1 46 -1 42 -1 42 -1 42 -1 46 -1 46 -1 46 -1 42 -1 42 -1 42 -1 42 -1 42 -1 42 -1 46 -1 46 -1 46 -1 42 -1 42 -1 42 -1 42 -1 46 -1 42 -1 42 -1 42 -1 46 -1 46 -1 46 -1 42 -1 42 -1 42 -1 42 -1 42 -1 42 -1 42 -1 -2
102 -1 98 -1 42 -1 46 -1 46 -1 46 -1 46 -1 46 -1 42 -1 42 -1 42 -1 46 -1 46 -1 46 -1 46 -1 46 -1 46 -1 42 -1 42 -1 42 -1 42 -1 42 -1 42 -1 42 -1 42 -1 42 -1 42 -1 46 -1 42 -1 42 -1 42 -1 42 -1 42 -1 42 -1 42 -1 42 -1 42 -1 42 -1 42 -1 42 -1 46 -1 42 -1 42 -1 42 -1 42 -1 42 -1 42 -1 42 -1 42 -1 42 -1 42 -1 42 -1 54 -1 54 -1 54 -1 -2
102 -1 98 -1 116 -1 125 -1 122 -1 119 -1 23 -1 116 -1 98 -1 116 -1 46 -1 46 -1 46 -1 46 -1 46 -1 46 -1 46 -1 46 -1 46 -1 46 -1 42 -1 42 -1 42 -1 42 -1 42 -1 42 -1 42 -1 42 -1 42 -1 42 -1 42 -1 42 -1 42 -1 42 -1 42 -1 42 -1 -2
12 -1 103 -1 115 -1 94 -1 97 -1 114 -1 96 -1 116 -1 98 -1 119 -1 42 -1 46 -1 46 -1 46 -1 46 -1 46 -1 46 -1 46 -1 46 -1 46 -1 46 -1 46 -1 46 -1 46 -1 46 -1 42 -1 42 -1 42 -1 42 -1 42 -1 42 -1 42 -1 42 -1 42 -1 42 -1 42 -1 42 -1 42 -1 42 -1 42 -1 42 -1 42 -1 42 -1 42 -1 42 -1 42 -1 42 -1 42 -1 42 -1 42 -1 42 -1 42 -1 42 -1 42 -1 42 -1 42 -1 42 -1 42 -1 42 -1 42 -1 42 -1 42 -1 28 -1 122 -1 42 -1 42 -1 42 -1 42 -1 42 -1 54 -1 54 -1 54 -1 -2
97 -1 102 -1 116 -1 119 -1 46 -1 46 -1 46 -1 46 -1 46 -1 46 -1 46 -1 46 -1 46 -1 46 -1 46 -1 42 -1 42 -1 42 -1 42 -1 42 -1 42 -1 42 -1 42 -1 42 -1 42 -1 42 -1 42 -1 42 -1 42 -1 42 -1 42 -1 42 -1 42 -1 42 -1 42 -1 42 -1 42 -1 42 -1 42 -1 42 -1 42 -1 42 -1 42 -1 42 -1 46 -1 42 -1 42 -1 42 -1 42 -1 42 -1 42 -1 46 -1 46 -1 46 -1 46 -1 42 -1 42 -1 42 -1 42 -1 42 -1 42 -1 42 -1 42 -1 50 -1 42 -1 54 -1 54 -1 54 -1 54 -1 -2
42 -1 42 -1 42 -1 42 -1 42 -1 -2
46 -1 46 -1 46 -1 46 -1 46 -1 46 -1 46 -1 46 -1 46 -1 46 -1 46 -1 42 -1 102 -1 42 -1 42 -1 42 -1 42 -1 42 -1 42 -1 42 -1 42 -1 42 -1 42 -1 42 -1 42 -1 42 -1 42 -1 42 -1 42 -1 42 -1 42 -1 42 -1 42 -1 42 -1 42 -1 42 -1 42 -1 42 -1 42 -1 42 -1 42 -1 42 -1 42 -1 42 -1 42 -1 42 -1 42 -1 42 -1 54 -1 -2
115 -1 103 -1 116 -1 98 -1 114 -1 102 -1 43 -1 46 -1 46 -1 46 -1 46 -1 46 -1 46 -1 47 -1 47 -1 42 -1 42 -1 42 -1 42 -1 42 -1 42 -1 46 -1 42 -1 42 -1 42 -1 46 -1 44 -1 46 -1 43 -1 42 -1 42 -1 42 -1 42 -1 44 -1 46 -1 46 -1 46 -1 46 -1 43 -1 43 -1 44 -1 46 -1 44 -1 42 -1 42 -1 42 -1 42 -1 42 -1 42 -1 42 -1 42 -1 42 -1 -2
46 -1 46 -1 46 -1 46 -1 46 -1 46 -1 46 -1 46 -1 46 -1 46 -1 46 -1 42 -1 42 -1 42 -1 42 -1 46 -1 42 -1 42 -1 42 -1 42 -1 42 -1 42 -1 42 -1 42 -1 42 -1 42 -1 43 -1 46 -1 46 -1 42 -1 42 -1 42 -1 42 -1 42 -1 42 -1 42 -1 42 -1 42 -1 42 -1 42 -1 42 -1 42 -1 42 -1 42 -1 42 -1 42 -1 42 -1 42 -1 50 -1 42 -1 42 -1 42 -1 46 -1 46 -1 46 -1 44 -1 44 -1 -2
96 -1 114 -1 98 -1 46 -1 46 -1 46 -1 42 -1 42 -1 42 -1 42 -1 46 -1 46 -1 46 -1 46 -1 46 -1 46 -1 46 -1 46 -1 46 -1 46 -1 46 -1 42 -1 42 -1 42 -1 42 -1 42 -1 42 -1 42 -1 42 -1 42 -1 42 -1 42 -1 42 -1 42 -1 42 -1 42 -1 42 -1 42 -1 42 -1 42 -1 42 -1 42 -1 42 -1 46 -1 46 -1 46 -1 46 -1 46 -1 46 -1 46 -1 42 -1 42 -1 42 -1 42 -1 42 -1 42 -1 42 -1 42 -1 42 -1 42 -1 42 -1 42 -1 42 -1 42 -1 42 -1 42 -1 42 -1 42 -1 42 -1 54 -1 54 -1 54 -1 54 -1 54 -1 54 -1 -2
102 -1 98 -1 46 -1 46 -1 46 -1 46 -1 46 -1 46 -1 46 -1 46 -1 46 -1 46 -1 42 -1 42 -1 42 -1 42 -1 42 -1 42 -1 42 -1 42 -1 42 -1 42 -1 42 -1 42 -1 42 -1 42 -1 42 -1 42 -1 42 -1 42 -1 42 -1 -2
97 -1 102 -1 98 -1 119 -1 46 -1 46 -1 46 -1 46 -1 46 -1 46 -1 46 -1 46 -1 46 -1 46 -1 46 -1 46 -1 46 -1 46 -1 42 -1 42 -1 42 -1 42 -1 42 -1 42 -1 42 -1 42 -1 42 -1 42 -1 42 -1 42 -1 42 -1 42 -1 42 -1 42 -1 42 -1 42 -1 42 -1 42 -1 42 -1 42 -1 42 -1 42 -1 42 -1 42 -1 42 -1 42 -1 42 -1 42 -1 42 -1 42 -1 42 -1 42 -1 42 -1 42 -1 42 -1 42 -1 42 -1 42 -1 42 -1 42 -1 42 -1 50 -1 54 -1 54 -1 54 -1 -2
46 -1 46 -1 42 -1 42 -1 42 -1 46 -1 46 -1 46 -1 46 -1 46 -1 46 -1 46 -1 46 -1 46 -1 46 -1 46 -1 96 -1 46 -1 46 -1 42 -1 98 -1 42 -1 42 -1 42 -1 42 -1 42 -1 42 -1 42 -1 42 -1 42 -1 42 -1 42 -1 54 -1 54 -1 54 -1 -2
102 -1 98 -1 46 -1 46 -1 46 -1 46 -1 46 -1 46 -1 42 -1 46 -1 46 -1 46 -1 46 -1 46 -1 46 -1 46 -1 46 -1 46 -1 42 -1 42 -1 42 -1 42 -1 42 -1 42 -1 42 -1 42 -1 42 -1 42 -1 42 -1 42 -1 42 -1 42 -1 42 -1 42 -1 42 -1 42 -1 42 -1 42 -1 42 -1 42 -1 42 -1 42 -1 42 -1 42 -1 42 -1 42 -1 42 -1 42 -1 42 -1 42 -1 42 -1 42 -1 42 -1 42 -1 -2
46 -1 46 -1 46 -1 46 -1 46 -1 46 -1 46 -1 46 -1 42 -1 42 -1 46 -1 102 -1 46 -1 46 -1 42 -1 42 -1 42 -1 42 -1 46 -1 46 -1 46 -1 42 -1 42 -1 42 -1 42 -1 42 -1 42 -1 42 -1 42 -1 42 -1 42 -1 42 -1 42 -1 42 -1 42 -1 42 -1 42 -1 46 -1 42 -1 42 -1 42 -1 42 -1 42 -1 42 -1 42 -1 46 -1 42 -1 42 -1 42 -1 46 -1 46 -1 46 -1 42 -1 42 -1 42 -1 42 -1 42 -1 42 -1 42 -1 42 -1 42 -1 42 -1 42 -1 46 -1 46 -1 42 -1 42 -1 42 -1 42 -1 42 -1 42 -1 42 -1 42 -1 42 -1 42 -1 42 -1 54 -1 54 -1 54 -1 54 -1 54 -1 54 -1 50 -1 50 -1 -2
102 -1 23 -1 98 -1 98 -1 116 -1 119 -1 116 -1 46 -1 46 -1 46 -1 46 -1 46 -1 46 -1 46 -1 46 -1 46 -1 46 -1 46 -1 46 -1 46 -1 46 -1 46 -1 46 -1 46 -1 46 -1 46 -1 46 -1 43 -1 43 -1 43 -1 43 -1 43 -1 43 -1 43 -1 43 -1 42 -1 42 -1 42 -1 42 -1 42 -1 42 -1 42 -1 42 -1 42 -1 42 -1 42 -1 42 -1 42 -1 42 -1 42 -1 42 -1 42 -1 42 -1 42 -1 42 -1 42 -1 42 -1 42 -1 42 -1 42 -1 54 -1 54 -1 54 -1 54 -1 54 -1 54 -1 54 -1 54 -1 42 -1 42 -1 46 -1 46 -1 46 -1 54 -1 46 -1 42 -1 42 -1 42 -1 42 -1 42 -1 42 -1 42 -1 42 -1 42 -1 42 -1 42 -1 46 -1 46 -1 46 -1 50 -1 42 -1 42 -1 42 -1 42 -1 42 -1 42 -1 54 -1 54 -1 54 -1 54 -1 54 -1 54 -1 46 -1 42 -1 42 -1 54 -1 -2
46 -1 46 -1 46 -1 46 -1 46 -1 46 -1 42 -1 42 -1 42 -1 42 -1 42 -1 42 -1 42 -1 -2
102 -1 104 -1 43 -1 46 -1 46 -1 46 -1 46 -1 46 -1 46 -1 46 -1 46 -1 46 -1 46 -1 46 -1 46 -1 46 -1 46 -1 46 -1 46 -1 46 -1 42 -1 46 -1 46 -1 42 -1 42 -1 42 -1 54 -1 54 -1 54 -1 50 -1 42 -1 42 -1 42 -1 42 -1 46 -1 54 -1 54 -1 54 -1 54 -1 50 -1 42 -1 46 -1 46 -1 46 -1 46 -1 46 -1 46 -1 46 -1 46 -1 46 -1 42 -1 42 -1 42 -1 42 -1 42 -1 42 -1 42 -1 42 -1 54 -1 54 -1 54 -1 54 -1 54 -1 54 -1 50 -1 42 -1 42 -1 42 -1 42 -1 46 -1 46 -1 46 -1 46 -1 46 -1 46 -1 46 -1 46 -1 42 -1 42 -1 54 -1 54 -1 54 -1 54 -1 54 -1 54 -1 54 -1 42 -1 42 -1 42 -1 42 -1 42 -1 42 -1 42 -1 42 -1 54 -1 46 -1 46 -1 46 -1 46 -1 46 -1 46 -1 46 -1 46 -1 46 -1 46 -1 46 -1 42 -1 42 -1 42 -1 42 -1 42 -1 42 -1 42 -1 42 -1 54 -1 54 -1 54 -1 54 -1 54 -1 54 -1 54 -1 54 -1 54 -1 54 -1 54 -1 -2
104 -1 102 -1 46 -1 46 -1 46 -1 46 -1 46 -1 46 -1 46 -1 46 -1 46 -1 46 -1 46 -1 42 -1 50 -1 50 -1 50 -1 50 -1 50 -1 50 -1 46 -1 46 -1 46 -1 46 -1 46 -1 46 -1 46 -1 46 -1 46 -1 46 -1 46 -1 50 -1 42 -1 42 -1 42 -1 42 -1 42 -1 42 -1 42 -1 42 -1 42 -1 42 -1 42 -1 42 -1 42 -1 42 -1 42 -1 42 -1 42 -1 42 -1 42 -1 42 -1 42 -1 42 -1 42 -1 42 -1 42 -1 42 -1 42 -1 42 -1 42 -1 42 -1 42 -1 42 -1 42 -1 42 -1 42 -1 42 -1 42 -1 42 -1 42 -1 42 -1 42 -1 42 -1 42 -1 42 -1 42 -1 54 -1 54 -1 54 -1 54 -1 54 -1 -2
98 -1 46 -1 46 -1 46 -1 46 -1 46 -1 46 -1 46 -1 46 -1 46 -1 46 -1 46 -1 42 -1 42 -1 42 -1 42 -1 42 -1 42 -1 42 -1 42 -1 42 -1 42 -1 42 -1 42 -1 42 -1 42 -1 42 -1 42 -1 42 -1 42 -1 42 -1 42 -1 42 -1 42 -1 42 -1 42 -1 42 -1 42 -1 42 -1 42 -1 42 -1 46 -1 96 -1 46 -1 46 -1 46 -1 42 -1 42 -1 42 -1 42 -1 42 -1 42 -1 42 -1 42 -1 42 -1 42 -1 42 -1 42 -1 42 -1 42 -1 42 -1 42 -1 42 -1 42 -1 42 -1 54 -1 54 -1 54 -1 54 -1 -2
42 -1 42 -1 54 -1 42 -1 42 -1 42 -1 42 -1 -2
116 -1 98 -1 114 -1 102 -1 46 -1 46 -1 46 -1 46 -1 46 -1 46 -1 46 -1 46 -1 46 -1 46 -1 42 -1 42 -1 42 -1 42 -1 42 -1 42 -1 42 -1 42 -1 42 -1 42 -1 42 -1 42 -1 42 -1 42 -1 42 -1 42 -1 42 -1 42 -1 42 -1 42 -1 42 -1 42 -1 42 -1 42 -1 -2
98 -1 42 -1 42 -1 42 -1 42 -1 42 -1 -2
119 -1 116 -1 104 -1 96 -1 114 -1 43 -1 43 -1 43 -1 43 -1 43 -1 43 -1 43 -1 43 -1 43 -1 43 -1 43 -1 43 -1 43 -1 43 -1 43 -1 -2
114 -1 102 -1 23 -1 98 -1 116 -1 98 -1 46 -1 46 -1 46 -1 46 -1 43 -1 43 -1 43 -1 43 -1 43 -1 44 -1 42 -1 42 -1 42 -1 42 -1 42 -1 52 -1 52 -1 52 -1 52 -1 52 -1 52 -1 52 -1 52 -1 52 -1 52 -1 52 -1 52 -1 42 -1 42 -1 42 -1 42 -1 42 -1 42 -1 -2
102 -1 46 -1 46 -1 46 -1 46 -1 46 -1 46 -1 46 -1 46 -1 46 -1 46 -1 46 -1 46 -1 46 -1 46 -1 46 -1 46 -1 46 -1 46 -1 46 -1 42 -1 42 -1 42 -1 42 -1 42 -1 42 -1 42 -1 42 -1 42 -1 42 -1 42 -1 42 -1 42 -1 42 -1 42 -1 42 -1 42 -1 42 -1 42 -1 42 -1 42 -1 42 -1 42 -1 42 -1 42 -1 42 -1 42 -1 42 -1 42 -1 42 -1 42 -1 42 -1 42 -1 42 -1 42 -1 42 -1 42 -1 42 -1 42 -1 42 -1 42 -1 42 -1 42 -1 42 -1 42 -1 42 -1 50 -1 54 -1 54 -1 54 -1 54 -1 -2
98 -1 102 -1 46 -1 46 -1 46 -1 46 -1 46 -1 46 -1 46 -1 46 -1 46 -1 46 -1 46 -1 46 -1 46 -1 46 -1 42 -1 42 -1 42 -1 42 -1 42 -1 42 -1 42 -1 42 -1 42 -1 42 -1 42 -1 42 -1 42 -1 42 -1 42 -1 42 -1 42 -1 42 -1 42 -1 42 -1 42 -1 42 -1 42 -1 42 -1 42 -1 42 -1 42 -1 42 -1 42 -1 42 -1 42 -1 42 -1 42 -1 42 -1 42 -1 42 -1 42 -1 42 -1 42 -1 42 -1 42 -1 42 -1 42 -1 42 -1 42 -1 42 -1 42 -1 54 -1 54 -1 -2
46 -1 46 -1 46 -1 46 -1 46 -1 46 -1 46 -1 46 -1 46 -1 46 -1 46 -1 42 -1 42 -1 42 -1 42 -1 42 -1 42 -1 42 -1 42 -1 42 -1 42 -1 42 -1 42 -1 42 -1 42 -1 42 -1 42 -1 42 -1 42 -1 42 -1 42 -1 42 -1 42 -1 42 -1 42 -1 42 -1 42 -1 42 -1 46 -1 46 -1 46 -1 46 -1 46 -1 46 -1 46 -1 42 -1 42 -1 42 -1 42 -1 42 -1 42 -1 42 -1 42 -1 42 -1 42 -1 42 -1 42 -1 42 -1 42 -1 42 -1 42 -1 42 -1 42 -1 54 -1 54 -1 54 -1 -2
98 -1 46 -1 46 -1 46 -1 46 -1 46 -1 46 -1 46 -1 46 -1 46 -1 46 -1 46 -1 46 -1 46 -1 46 -1 102 -1 46 -1 46 -1 46 -1 46 -1 46 -1 46 -1 42 -1 114 -1 42 -1 42 -1 42 -1 42 -1 42 -1 42 -1 42 -1 42 -1 42 -1 42 -1 42 -1 42 -1 42 -1 42 -1 42 -1 42 -1 42 -1 42 -1 42 -1 42 -1 42 -1 42 -1 42 -1 42 -1 42 -1 42 -1 42 -1 42 -1 42 -1 116 -1 125 -1 116 -1 99 -1 42 -1 42 -1 42 -1 42 -1 42 -1 42 -1 42 -1 42 -1 42 -1 42 -1 42 -1 42 -1 42 -1 42 -1 42 -1 42 -1 54 -1 54 -1 54 -1 54 -1 -2
102 -1 104 -1 46 -1 46 -1 46 -1 46 -1 46 -1 46 -1 46 -1 46 -1 46 -1 46 -1 46 -1 42 -1 42 -1 42 -1 42 -1 42 -1 42 -1 42 -1 42 -1 46 -1 46 -1 46 -1 46 -1 46 -1 46 -1 46 -1 46 -1 46 -1 46 -1 46 -1 46 -1 46 -1 42 -1 42 -1 42 -1 42 -1 42 -1 42 -1 42 -1 42 -1 42 -1 42 -1 42 -1 42 -1 42 -1 42 -1 42 -1 42 -1 42 -1 42 -1 42 -1 42 -1 42 -1 42 -1 42 -1 42 -1 42 -1 42 -1 42 -1 42 -1 42 -1 42 -1 42 -1 42 -1 42 -1 42 -1 42 -1 42 -1 42 -1 54 -1 54 -1 54 -1 54 -1 -2
102 -1 104 -1 42 -1 42 -1 46 -1 46 -1 46 -1 46 -1 46 -1 46 -1 46 -1 46 -1 46 -1 46 -1 46 -1 46 -1 46 -1 46 -1 46 -1 42 -1 42 -1 42 -1 42 -1 42 -1 42 -1 42 -1 42 -1 42 -1 42 -1 42 -1 42 -1 42 -1 42 -1 42 -1 42 -1 46 -1 46 -1 46 -1 46 -1 46 -1 46 -1 46 -1 46 -1 46 -1 46 -1 46 -1 46 -1 46 -1 46 -1 46 -1 46 -1 42 -1 42 -1 42 -1 42 -1 42 -1 42 -1 42 -1 42 -1 42 -1 42 -1 42 -1 42 -1 42 -1 42 -1 42 -1 42 -1 42 -1 42 -1 54 -1 54 -1 54 -1 54 -1 54 -1 54 -1 54 -1 54 -1 54 -1 54 -1 54 -1 54 -1 54 -1 54 -1 54 -1 50 -1 50 -1 50 -1 50 -1 50 -1 54 -1 54 -1 -2
104 -1 46 -1 46 -1 46 -1 46 -1 46 -1 46 -1 46 -1 46 -1 46 -1 46 -1 46 -1 46 -1 46 -1 46 -1 46 -1 42 -1 42 -1 42 -1 42 -1 42 -1 42 -1 42 -1 42 -1 42 -1 42 -1 42 -1 42 -1 42 -1 42 -1 42 -1 42 -1 42 -1 42 -1 42 -1 42 -1 42 -1 42 -1 42 -1 42 -1 42 -1 42 -1 42 -1 42 -1 42 -1 42 -1 46 -1 96 -1 46 -1 46 -1 46 -1 46 -1 46 -1 46 -1 46 -1 46 -1 46 -1 46 -1 46 -1 46 -1 46 -1 42 -1 42 -1 42 -1 42 -1 42 -1 42 -1 42 -1 42 -1 42 -1 42 -1 42 -1 42 -1 54 -1 54 -1 54 -1 46 -1 42 -1 42 -1 42 -1 42 -1 42 -1 54 -1 54 -1 50 -1 50 -1 42 -1 46 -1 119 -1 54 -1 50 -1 42 -1 54 -1 42 -1 42 -1 42 -1 42 -1 42 -1 50 -1 54 -1 54 -1 54 -1 54 -1 54 -1 54 -1 54 -1 50 -1 50 -1 50 -1 50 -1 50 -1 50 -1 50 -1 42 -1 -2
46 -1 46 -1 46 -1 46 -1 46 -1 46 -1 46 -1 46 -1 46 -1 46 -1 46 -1 42 -1 42 -1 42 -1 42 -1 42 -1 42 -1 42 -1 42 -1 42 -1 42 -1 42 -1 42 -1 42 -1 42 -1 42 -1 42 -1 42 -1 42 -1 42 -1 42 -1 42 -1 42 -1 42 -1 42 -1 42 -1 46 -1 46 -1 46 -1 46 -1 46 -1 46 -1 46 -1 42 -1 42 -1 42 -1 42 -1 42 -1 42 -1 42 -1 42 -1 42 -1 42 -1 42 -1 42 -1 42 -1 42 -1 42 -1 42 -1 42 -1 42 -1 42 -1 42 -1 42 -1 42 -1 42 -1 42 -1 42 -1 42 -1 46 -1 42 -1 42 -1 42 -1 42 -1 42 -1 46 -1 54 -1 54 -1 54 -1 54 -1 54 -1 43 -1 43 -1 43 -1 43 -1 43 -1 43 -1 42 -1 44 -1 44 -1 -2
102 -1 101 -1 98 -1 46 -1 46 -1 46 -1 46 -1 46 -1 46 -1 46 -1 46 -1 46 -1 46 -1 46 -1 46 -1 46 -1 42 -1 42 -1 42 -1 42 -1 42 -1 42 -1 42 -1 42 -1 42 -1 42 -1 42 -1 42 -1 42 -1 42 -1 42 -1 42 -1 42 -1 42 -1 42 -1 42 -1 42 -1 42 -1 42 -1 42 -1 42 -1 42 -1 42 -1 42 -1 42 -1 42 -1 42 -1 46 -1 46 -1 46 -1 46 -1 42 -1 42 -1 42 -1 42 -1 42 -1 42 -1 42 -1 42 -1 42 -1 42 -1 42 -1 42 -1 42 -1 42 -1 42 -1 42 -1 42 -1 42 -1 42 -1 42 -1 42 -1 42 -1 42 -1 42 -1 42 -1 42 -1 42 -1 42 -1 -2
96 -1 98 -1 46 -1 46 -1 46 -1 46 -1 46 -1 46 -1 46 -1 42 -1 42 -1 42 -1 42 -1 42 -1 46 -1 46 -1 46 -1 46 -1 46 -1 42 -1 42 -1 42 -1 42 -1 42 -1 42 -1 42 -1 42 -1 42 -1 42 -1 -2
46 -1 46 -1 46 -1 46 -1 46 -1 46 -1 46 -1 46 -1 46 -1 46 -1 46 -1 46 -1 46 -1 46 -1 42 -1 102 -1 42 -1 42 -1 42 -1 42 -1 42 -1 42 -1 42 -1 42 -1 42 -1 42 -1 42 -1 42 -1 42 -1 42 -1 42 -1 42 -1 42 -1 42 -1 42 -1 42 -1 42 -1 42 -1 42 -1 42 -1 42 -1 42 -1 42 -1 42 -1 42 -1 42 -1 42 -1 42 -1 42 -1 42 -1 42 -1 42 -1 42 -1 42 -1 42 -1 -2
46 -1 46 -1 46 -1 46 -1 46 -1 46 -1 46 -1 42 -1 42 -1 42 -1 42 -1 42 -1 42 -1 54 -1 54 -1 54 -1 54 -1 54 -1 42 -1 42 -1 42 -1 -2
96 -1 98 -1 46 -1 46 -1 46 -1 46 -1 46 -1 46 -1 46 -1 46 -1 46 -1 46 -1 46 -1 46 -1 46 -1 46 -1 42 -1 42 -1 42 -1 42 -1 42 -1 42 -1 42 -1 42 -1 42 -1 42 -1 42 -1 42 -1 42 -1 42 -1 42 -1 42 -1 42 -1 42 -1 42 -1 42 -1 42 -1 42 -1 42 -1 42 -1 42 -1 42 -1 42 -1 42 -1 42 -1 42 -1 42 -1 42 -1 42 -1 42 -1 42 -1 42 -1 42 -1 42 -1 42 -1 42 -1 42 -1 42 -1 42 -1 42 -1 -2
98 -1 102 -1 46 -1 46 -1 46 -1 46 -1 46 -1 46 -1 46 -1 46 -1 46 -1 46 -1 46 -1 42 -1 42 -1 42 -1 42 -1 42 -1 42 -1 42 -1 42 -1 42 -1 42 -1 42 -1 42 -1 42 -1 42 -1 42 -1 42 -1 42 -1 42 -1 42 -1 42 -1 42 -1 42 -1 42 -1 42 -1 42 -1 42 -1 42 -1 42 -1 46 -1 46 -1 46 -1 46 -1 42 -1 42 -1 42 -1 42 -1 42 -1 42 -1 42 -1 42 -1 42 -1 42 -1 42 -1 42 -1 42 -1 42 -1 42 -1 42 -1 42 -1 42 -1 42 -1 42 -1 42 -1 42 -1 54 -1 54 -1 54 -1 54 -1 54 -1 -2
46 -1 46 -1 46 -1 46 -1 46 -1 46 -1 46 -1 46 -1 46 -1 46 -1 46 -1 46 -1 46 -1 46 -1 42 -1 42 -1 42 -1 42 -1 42 -1 42 -1 42 -1 42 -1 42 -1 42 -1 42 -1 42 -1 42 -1 42 -1 42 -1 42 -1 42 -1 42 -1 42 -1 42 -1 42 -1 42 -1 42 -1 42 -1 42 -1 42 -1 42 -1 42 -1 42 -1 42 -1 42 -1 42 -1 42 -1 42 -1 42 -1 42 -1 42 -1 42 -1 42 -1 42 -1 42 -1 42 -1 42 -1 42 -1 42 -1 42 -1 54 -1 -2
46 -1 46 -1 46 -1 46 -1 46 -1 46 -1 46 -1 46 -1 46 -1 46 -1 46 -1 46 -1 42 -1 42 -1 42 -1 42 -1 42 -1 42 -1 42 -1 42 -1 42 -1 42 -1 42 -1 42 -1 42 -1 42 -1 42 -1 42 -1 42 -1 46 -1 46 -1 46 -1 46 -1 46 -1 46 -1 46 -1 46 -1 46 -1 102 -1 42 -1 98 -1 42 -1 42 -1 42 -1 42 -1 42 -1 42 -1 42 -1 42 -1 42 -1 42 -1 42 -1 42 -1 42 -1 42 -1 42 -1 42 -1 42 -1 42 -1 42 -1 42 -1 42 -1 42 -1 42 -1 42 -1 42 -1 42 -1 42 -1 42 -1 42 -1 42 -1 54 -1 46 -1 46 -1 46 -1 46 -1 42 -1 42 -1 42 -1 42 -1 54 -1 54 -1 54 -1 54 -1 54 -1 54 -1 54 -1 -2
42 -1 54 -1 54 -1 54 -1 54 -1 -2
46 -1 46 -1 46 -1 46 -1 46 -1 46 -1 46 -1 46 -1 46 -1 46 -1 46 -1 46 -1 46 -1 46 -1 42 -1 42 -1 42 -1 42 -1 42 -1 42 -1 42 -1 42 -1 42 -1 42 -1 42 -1 42 -1 42 -1 42 -1 42 -1 42 -1 42 -1 42 -1 42 -1 42 -1 42 -1 42 -1 42 -1 42 -1 42 -1 42 -1 42 -1 42 -1 42 -1 42 -1 42 -1 42 -1 42 -1 42 -1 42 -1 42 -1 42 -1 42 -1 42 -1 42 -1 42 -1 42 -1 42 -1 42 -1 42 -1 42 -1 42 -1 42 -1 42 -1 42 -1 54 -1 54 -1 54 -1 54 -1 54 -1 -2
102 -1 104 -1 46 -1 46 -1 46 -1 46 -1 46 -1 46 -1 46 -1 46 -1 46 -1 46 -1 46 -1 46 -1 46 -1 46 -1 46 -1 46 -1 46 -1 46 -1 46 -1 42 -1 42 -1 42 -1 42 -1 42 -1 42 -1 42 -1 42 -1 42 -1 42 -1 42 -1 46 -1 42 -1 42 -1 46 -1 50 -1 42 -1 42 -1 42 -1 42 -1 42 -1 46 -1 46 -1 42 -1 42 -1 50 -1 42 -1 42 -1 42 -1 42 -1 42 -1 42 -1 42 -1 42 -1 50 -1 46 -1 46 -1 46 -1 42 -1 42 -1 42 -1 42 -1 42 -1 42 -1 42 -1 54 -1 54 -1 54 -1 54 -1 54 -1 54 -1 54 -1 42 -1 42 -1 42 -1 42 -1 46 -1 54 -1 54 -1 50 -1 54 -1 -2
46 -1 46 -1 46 -1 46 -1 46 -1 46 -1 46 -1 46 -1 46 -1 46 -1 46 -1 46 -1 46 -1 46 -1 46 -1 46 -1 46 -1 46 -1 46 -1 42 -1 42 -1 42 -1 42 -1 42 -1 42 -1 42 -1 42 -1 42 -1 42 -1 42 -1 42 -1 42 -1 42 -1 42 -1 42 -1 42 -1 42 -1 42 -1 42 -1 42 -1 42 -1 42 -1 42 -1 42 -1 42 -1 42 -1 42 -1 42 -1 42 -1 42 -1 42 -1 42 -1 42 -1 42 -1 42 -1 42 -1 42 -1 42 -1 42 -1 42 -1 42 -1 42 -1 42 -1 42 -1 42 -1 42 -1 42 -1 42 -1 42 -1 42 -1 42 -1 42 -1 42 -1 42 -1 -2
46 -1 46 -1 46 -1 46 -1 46 -1 46 -1 46 -1 46 -1 46 -1 46 -1 42 -1 46 -1 42 -1 42 -1 42 -1 42 -1 42 -1 42 -1 42 -1 42 -1 42 -1 42 -1 42 -1 42 -1 42 -1 42 -1 42 -1 42 -1 42 -1 42 -1 42 -1 42 -1 42 -1 42 -1 42 -1 42 -1 42 -1 42 -1 42 -1 42 -1 42 -1 46 -1 42 -1 42 -1 42 -1 42 -1 42 -1 42 -1 42 -1 42 -1 42 -1 42 -1 42 -1 54 -1 54 -1 -2
46 -1 46 -1 46 -1 46 -1 46 -1 46 -1 46 -1 46 -1 46 -1 46 -1 46 -1 46 -1 46 -1 46 -1 46 -1 46 -1 42 -1 42 -1 42 -1 42 -1 104 -1 46 -1 102 -1 46 -1 42 -1 42 -1 42 -1 42 -1 42 -1 42 -1 42 -1 42 -1 42 -1 42 -1 42 -1 42 -1 42 -1 42 -1 42 -1 42 -1 42 -1 42 -1 42 -1 42 -1 42 -1 42 -1 42 -1 42 -1 42 -1 43 -1 43 -1 43 -1 43 -1 42 -1 42 -1 44 -1 44 -1 46 -1 47 -1 42 -1 42 -1 42 -1 42 -1 43 -1 42 -1 42 -1 46 -1 42 -1 50 -1 42 -1 42 -1 42 -1 42 -1 42 -1 44 -1 46 -1 46 -1 46 -1 42 -1 42 -1 42 -1 46 -1 46 -1 42 -1 42 -1 42 -1 42 -1 42 -1 51 -1 54 -1 54 -1 54 -1 54 -1 -2
102 -1 97 -1 98 -1 46 -1 46 -1 46 -1 46 -1 46 -1 46 -1 46 -1 46 -1 46 -1 46 -1 46 -1 46 -1 46 -1 46 -1 42 -1 42 -1 42 -1 42 -1 42 -1 42 -1 42 -1 42 -1 42 -1 42 -1 42 -1 42 -1 42 -1 42 -1 42 -1 42 -1 42 -1 42 -1 42 -1 42 -1 42 -1 42 -1 42 -1 42 -1 42 -1 42 -1 42 -1 42 -1 42 -1 42 -1 42 -1 42 -1 42 -1 42 -1 42 -1 42 -1 42 -1 42 -1 42 -1 42 -1 42 -1 42 -1 42 -1 42 -1 42 -1 42 -1 54 -1 54 -1 -2
46 -1 46 -1 46 -1 46 -1 46 -1 46 -1 46 -1 46 -1 46 -1 46 -1 46 -1 42 -1 42 -1 42 -1 46 -1 46 -1 46 -1 46 -1 46 -1 42 -1 42 -1 42 -1 42 -1 42 -1 42 -1 42 -1 42 -1 46 -1 46 -1 46 -1 42 -1 42 -1 42 -1 42 -1 42 -1 42 -1 42 -1 42 -1 42 -1 42 -1 54 -1 54 -1 54 -1 54 -1 46 -1 42 -1 42 -1 42 -1 42 -1 42 -1 42 -1 42 -1 42 -1 42 -1 42 -1 42 -1 42 -1 42 -1 42 -1 46 -1 46 -1 46 -1 46 -1 42 -1 42 -1 42 -1 42 -1 54 -1 54 -1 50 -1 42 -1 46 -1 46 -1 46 -1 42 -1 42 -1 42 -1 42 -1 42 -1 42 -1 42 -1 42 -1 42 -1 42 -1 42 -1 42 -1 42 -1 42 -1 54 -1 54 -1 54 -1 -2
9 -1 96 -1 111 -1 96 -1 123 -1 114 -1 46 -1 46 -1 46 -1 46 -1 46 -1 46 -1 46 -1 46 -1 46 -1 46 -1 42 -1 42 -1 46 -1 46 -1 46 -1 42 -1 42 -1 42 -1 42 -1 46 -1 46 -1 46 -1 46 -1 46 -1 46 -1 46 -1 46 -1 46 -1 42 -1 42 -1 42 -1 42 -1 42 -1 42 -1 42 -1 42 -1 46 -1 54 -1 54 -1 54 -1 42 -1 42 -1 46 -1 54 -1 46 -1 42 -1 50 -1 54 -1 54 -1 54 -1 54 -1 42 -1 42 -1 54 -1 50 -1 42 -1 42 -1 42 -1 42 -1 42 -1 42 -1 42 -1 42 -1 1 -1 114 -1 119 -1 46 -1 42 -1 42 -1 42 -1 46 -1 42 -1 42 -1 42 -1 46 -1 46 -1 46 -1 42 -1 42 -1 42 -1 42 -1 42 -1 42 -1 42 -1 42 -1 42 -1 42 -1 42 -1 54 -1 54 -1 54 -1 -2
102 -1 101 -1 98 -1 46 -1 46 -1 46 -1 46 -1 46 -1 46 -1 46 -1 46 -1 46 -1 46 -1 46 -1 42 -1 42 -1 42 -1 42 -1 42 -1 42 -1 42 -1 42 -1 42 -1 42 -1 42 -1 42 -1 42 -1 42 -1 50 -1 51 -1 43 -1 54 -1 42 -1 42 -1 46 -1 46 -1 46 -1 46 -1 46 -1 42 -1 42 -1 42 -1 42 -1 42 -1 46 -1 44 -1 42 -1 42 -1 42 -1 42 -1 44 -1 44 -1 42 -1 42 -1 42 -1 42 -1 42 -1 42 -1 42 -1 42 -1 42 -1 42 -1 42 -1 42 -1 42 -1 42 -1 -2
102 -1 98 -1 46 -1 46 -1 46 -1 46 -1 46 -1 46 -1 46 -1 46 -1 46 -1 46 -1 46 -1 46 -1 42 -1 42 -1 42 -1 42 -1 42 -1 42 -1 42 -1 42 -1 42 -1 42 -1 42 -1 42 -1 42 -1 42 -1 42 -1 42 -1 42 -1 42 -1 42 -1 42 -1 46 -1 46 -1 42 -1 42 -1 42 -1 42 -1 42 -1 42 -1 42 -1 42 -1 42 -1 42 -1 46 -1 46 -1 46 -1 46 -1 42 -1 42 -1 42 -1 42 -1 42 -1 42 -1 46 -1 46 -1 42 -1 42 -1 42 -1 42 -1 42 -1 42 -1 42 -1 42 -1 42 -1 42 -1 42 -1 42 -1 42 -1 42 -1 42 -1 42 -1 42 -1 42 -1 54 -1 54 -1 54 -1 54 -1 -2
102 -1 98 -1 46 -1 46 -1 46 -1 46 -1 46 -1 46 -1 46 -1 46 -1 46 -1 46 -1 46 -1 46 -1 46 -1 46 -1 42 -1 42 -1 42 -1 42 -1 42 -1 42 -1 42 -1 42 -1 42 -1 42 -1 42 -1 42 -1 42 -1 42 -1 42 -1 42 -1 42 -1 42 -1 42 -1 42 -1 42 -1 42 -1 42 -1 42 -1 42 -1 42 -1 42 -1 42 -1 42 -1 42 -1 42 -1 42 -1 42 -1 42 -1 42 -1 42 -1 42 -1 42 -1 42 -1 42 -1 42 -1 42 -1 42 -1 54 -1 -2
96 -1 98 -1 46 -1 46 -1 46 -1 46 -1 46 -1 46 -1 46 -1 46 -1 46 -1 46 -1 46 -1 46 -1 46 -1 46 -1 42 -1 42 -1 42 -1 42 -1 42 -1 42 -1 42 -1 42 -1 42 -1 42 -1 42 -1 42 -1 42 -1 42 -1 42 -1 42 -1 42 -1 42 -1 42 -1 42 -1 42 -1 42 -1 42 -1 42 -1 42 -1 42 -1 42 -1 42 -1 42 -1 42 -1 42 -1 42 -1 42 -1 42 -1 42 -1 42 -1 42 -1 42 -1 42 -1 -2
23 -1 104 -1 116 -1 98 -1 102 -1 46 -1 46 -1 46 -1 46 -1 46 -1 46 -1 46 -1 46 -1 51 -1 46 -1 46 -1 46 -1 46 -1 46 -1 46 -1 46 -1 46 -1 46 -1 46 -1 46 -1 46 -1 46 -1 42 -1 54 -1 54 -1 54 -1 54 -1 54 -1 54 -1 50 -1 42 -1 42 -1 42 -1 42 -1 42 -1 42 -1 42 -1 42 -1 42 -1 42 -1 42 -1 42 -1 42 -1 42 -1 42 -1 42 -1 42 -1 42 -1 42 -1 42 -1 42 -1 42 -1 42 -1 42 -1 42 -1 42 -1 43 -1 43 -1 43 -1 42 -1 42 -1 42 -1 42 -1 42 -1 42 -1 42 -1 42 -1 42 -1 42 -1 42 -1 42 -1 42 -1 42 -1 54 -1 -2
98 -1 46 -1 46 -1 46 -1 46 -1 46 -1 46 -1 46 -1 46 -1 46 -1 46 -1 46 -1 42 -1 42 -1 42 -1 42 -1 42 -1 42 -1 42 -1 42 -1 42 -1 42 -1 42 -1 42 -1 42 -1 46 -1 42 -1 42 -1 42 -1 42 -1 42 -1 42 -1 42 -1 43 -1 43 -1 43 -1 43 -1 43 -1 -2
98 -1 46 -1 46 -1 46 -1 46 -1 46 -1 46 -1 46 -1 46 -1 46 -1 46 -1 42 -1 42 -1 42 -1 42 -1 42 -1 42 -1 42 -1 42 -1 42 -1 42 -1 42 -1 46 -1 46 -1 42 -1 42 -1 42 -1 42 -1 42 -1 42 -1 42 -1 42 -1 42 -1 42 -1 42 -1 42 -1 42 -1 42 -1 46 -1 42 -1 42 -1 42 -1 42 -1 46 -1 42 -1 42 -1 46 -1 46 -1 42 -1 42 -1 42 -1 42 -1 42 -1 42 -1 42 -1 42 -1 42 -1 42 -1 42 -1 42 -1 54 -1 -2
43 -1 54 -1 50 -1 50 -1 46 -1 46 -1 46 -1 46 -1 46 -1 46 -1 46 -1 46 -1 46 -1 42 -1 42 -1 46 -1 46 -1 42 -1 42 -1 42 -1 42 -1 42 -1 42 -1 42 -1 42 -1 42 -1 42 -1 42 -1 42 -1 42 -1 42 -1 42 -1 42 -1 46 -1 46 -1 46 -1 46 -1 42 -1 42 -1 42 -1 42 -1 42 -1 42 -1 42 -1 42 -1 42 -1 42 -1 42 -1 42 -1 42 -1 42 -1 42 -1 42 -1 42 -1 42 -1 42 -1 42 -1 42 -1 42 -1 42 -1 42 -1 42 -1 42 -1 42 -1 42 -1 42 -1 42 -1 42 -1 54 -1 54 -1 54 -1 -2
96 -1 46 -1 46 -1 46 -1 46 -1 42 -1 42 -1 42 -1 42 -1 42 -1 46 -1 46 -1 46 -1 46 -1 46 -1 46 -1 46 -1 46 -1 46 -1 46 -1 46 -1 42 -1 42 -1 42 -1 42 -1 42 -1 42 -1 42 -1 42 -1 46 -1 42 -1 42 -1 42 -1 42 -1 42 -1 42 -1 42 -1 42 -1 42 -1 42 -1 -2
98 -1 96 -1 46 -1 46 -1 46 -1 46 -1 46 -1 46 -1 46 -1 46 -1 46 -1 46 -1 46 -1 42 -1 42 -1 42 -1 42 -1 42 -1 42 -1 42 -1 42 -1 42 -1 42 -1 42 -1 42 -1 42 -1 42 -1 42 -1 42 -1 42 -1 42 -1 42 -1 42 -1 42 -1 42 -1 42 -1 42 -1 42 -1 42 -1 42 -1 42 -1 42 -1 42 -1 42 -1 42 -1 42 -1 42 -1 42 -1 42 -1 -2
98 -1 102 -1 46 -1 46 -1 46 -1 46 -1 46 -1 46 -1 46 -1 46 -1 46 -1 46 -1 46 -1 42 -1 46 -1 42 -1 42 -1 42 -1 42 -1 42 -1 42 -1 42 -1 42 -1 42 -1 42 -1 42 -1 42 -1 42 -1 42 -1 42 -1 42 -1 42 -1 42 -1 42 -1 42 -1 42 -1 42 -1 42 -1 42 -1 42 -1 42 -1 42 -1 42 -1 42 -1 42 -1 42 -1 42 -1 42 -1 42 -1 42 -1 42 -1 42 -1 54 -1 -2
46 -1 46 -1 46 -1 46 -1 46 -1 46 -1 46 -1 46 -1 46 -1 46 -1 42 -1 42 -1 42 -1 42 -1 42 -1 42 -1 42 -1 42 -1 42 -1 42 -1 42 -1 42 -1 42 -1 42 -1 42 -1 42 -1 42 -1 46 -1 42 -1 42 -1 42 -1 42 -1 42 -1 42 -1 -2
46 -1 46 -1 46 -1 46 -1 46 -1 46 -1 46 -1 46 -1 46 -1 42 -1 42 -1 42 -1 42 -1 42 -1 42 -1 42 -1 42 -1 42 -1 42 -1 42 -1 42 -1 42 -1 42 -1 46 -1 46 -1 46 -1 46 -1 42 -1 42 -1 46 -1 42 -1 42 -1 42 -1 46 -1 42 -1 42 -1 42 -1 42 -1 42 -1 42 -1 42 -1 42 -1 42 -1 -2
42 -1 116 -1 123 -1 46 -1 126 -1 46 -1 46 -1 46 -1 46 -1 46 -1 46 -1 46 -1 46 -1 46 -1 102 -1 46 -1 46 -1 46 -1 46 -1 46 -1 46 -1 42 -1 98 -1 42 -1 42 -1 42 -1 42 -1 42 -1 42 -1 42 -1 42 -1 42 -1 42 -1 42 -1 42 -1 42 -1 42 -1 42 -1 42 -1 46 -1 46 -1 42 -1 42 -1 42 -1 42 -1 46 -1 46 -1 46 -1 46 -1 46 -1 46 -1 42 -1 42 -1 42 -1 42 -1 46 -1 46 -1 46 -1 46 -1 42 -1 42 -1 42 -1 42 -1 42 -1 42 -1 42 -1 42 -1 42 -1 42 -1 42 -1 42 -1 42 -1 42 -1 42 -1 42 -1 42 -1 42 -1 42 -1 42 -1 46 -1 46 -1 46 -1 42 -1 42 -1 42 -1 42 -1 42 -1 42 -1 42 -1 42 -1 42 -1 42 -1 42 -1 42 -1 97 -1 115 -1 119 -1 116 -1 117 -1 42 -1 46 -1 114 -1 54 -1 54 -1 54 -1 54 -1 54 -1 54 -1 54 -1 54 -1 50 -1 50 -1 43 -1 43 -1 43 -1 -2
42 -1 46 -1 46 -1 46 -1 46 -1 46 -1 46 -1 46 -1 54 -1 46 -1 46 -1 46 -1 46 -1 46 -1 46 -1 46 -1 46 -1 46 -1 54 -1 46 -1 42 -1 102 -1 50 -1 42 -1 42 -1 42 -1 42 -1 42 -1 42 -1 42 -1 42 -1 42 -1 42 -1 42 -1 42 -1 42 -1 42 -1 42 -1 42 -1 42 -1 42 -1 42 -1 42 -1 42 -1 42 -1 42 -1 42 -1 42 -1 42 -1 42 -1 118 -1 46 -1 125 -1 46 -1 46 -1 46 -1 46 -1 42 -1 123 -1 42 -1 42 -1 42 -1 42 -1 42 -1 42 -1 42 -1 42 -1 42 -1 42 -1 42 -1 42 -1 42 -1 42 -1 42 -1 46 -1 54 -1 54 -1 54 -1 54 -1 54 -1 42 -1 43 -1 43 -1 43 -1 43 -1 43 -1 43 -1 42 -1 43 -1 -2
116 -1 120 -1 99 -1 96 -1 116 -1 101 -1 46 -1 46 -1 46 -1 46 -1 46 -1 46 -1 104 -1 46 -1 46 -1 46 -1 46 -1 46 -1 46 -1 46 -1 54 -1 46 -1 46 -1 46 -1 46 -1 46 -1 42 -1 42 -1 42 -1 42 -1 50 -1 42 -1 42 -1 42 -1 42 -1 42 -1 42 -1 42 -1 42 -1 42 -1 42 -1 42 -1 42 -1 42 -1 42 -1 42 -1 42 -1 42 -1 42 -1 42 -1 42 -1 42 -1 46 -1 46 -1 46 -1 46 -1 46 -1 46 -1 46 -1 119 -1 46 -1 46 -1 42 -1 117 -1 42 -1 42 -1 42 -1 42 -1 42 -1 42 -1 42 -1 42 -1 42 -1 42 -1 46 -1 46 -1 46 -1 42 -1 42 -1 42 -1 42 -1 42 -1 42 -1 42 -1 42 -1 42 -1 42 -1 42 -1 42 -1 42 -1 42 -1 46 -1 42 -1 50 -1 42 -1 46 -1 54 -1 54 -1 54 -1 54 -1 50 -1 42 -1 42 -1 42 -1 54 -1 42 -1 51 -1 119 -1 43 -1 43 -1 43 -1 43 -1 43 -1 43 -1 42 -1 43 -1 42 -1 43 -1 -2
42 -1 46 -1 46 -1 46 -1 46 -1 46 -1 46 -1 46 -1 46 -1 46 -1 46 -1 46 -1 42 -1 42 -1 42 -1 42 -1 42 -1 42 -1 104 -1 125 -1 116 -1 46 -1 102 -1 46 -1 46 -1 42 -1 42 -1 42 -1 42 -1 42 -1 42 -1 42 -1 42 -1 42 -1 42 -1 42 -1 42 -1 42 -1 42 -1 42 -1 42 -1 42 -1 42 -1 42 -1 42 -1 42 -1 42 -1 42 -1 46 -1 42 -1 42 -1 42 -1 46 -1 42 -1 42 -1 42 -1 42 -1 42 -1 42 -1 42 -1 42 -1 42 -1 42 -1 46 -1 42 -1 46 -1 42 -1 42 -1 42 -1 46 -1 46 -1 46 -1 46 -1 42 -1 42 -1 42 -1 42 -1 42 -1 42 -1 54 -1 54 -1 54 -1 54 -1 54 -1 54 -1 -2
119 -1 122 -1 98 -1 102 -1 46 -1 46 -1 46 -1 46 -1 46 -1 46 -1 46 -1 46 -1 46 -1 46 -1 46 -1 42 -1 42 -1 42 -1 42 -1 42 -1 42 -1 42 -1 42 -1 42 -1 43 -1 43 -1 42 -1 42 -1 46 -1 46 -1 42 -1 42 -1 42 -1 42 -1 42 -1 42 -1 42 -1 42 -1 42 -1 42 -1 42 -1 42 -1 42 -1 42 -1 42 -1 42 -1 42 -1 42 -1 42 -1 46 -1 42 -1 46 -1 46 -1 42 -1 42 -1 42 -1 42 -1 42 -1 42 -1 42 -1 42 -1 42 -1 42 -1 42 -1 42 -1 42 -1 46 -1 42 -1 42 -1 42 -1 42 -1 42 -1 42 -1 54 -1 54 -1 54 -1 54 -1 -2
43 -1 46 -1 46 -1 46 -1 46 -1 46 -1 46 -1 46 -1 43 -1 46 -1 46 -1 42 -1 42 -1 42 -1 46 -1 46 -1 46 -1 46 -1 43 -1 42 -1 42 -1 42 -1 42 -1 42 -1 42 -1 42 -1 42 -1 46 -1 46 -1 46 -1 46 -1 46 -1 42 -1 42 -1 42 -1 42 -1 42 -1 42 -1 42 -1 42 -1 42 -1 42 -1 42 -1 42 -1 42 -1 42 -1 42 -1 42 -1 42 -1 42 -1 42 -1 42 -1 42 -1 42 -1 42 -1 42 -1 42 -1 42 -1 42 -1 42 -1 42 -1 42 -1 42 -1 42 -1 42 -1 42 -1 42 -1 42 -1 42 -1 42 -1 42 -1 42 -1 42 -1 42 -1 43 -1 43 -1 42 -1 43 -1 43 -1 43 -1 42 -1 43 -1 44 -1 44 -1 44 -1 44 -1 -2
98 -1 96 -1 43 -1 46 -1 46 -1 46 -1 46 -1 46 -1 46 -1 46 -1 43 -1 42 -1 42 -1 42 -1 42 -1 42 -1 42 -1 42 -1 42 -1 42 -1 42 -1 42 -1 -2
98 -1 102 -1 46 -1 46 -1 46 -1 46 -1 46 -1 46 -1 46 -1 46 -1 46 -1 46 -1 46 -1 46 -1 46 -1 42 -1 42 -1 42 -1 42 -1 42 -1 42 -1 42 -1 42 -1 42 -1 42 -1 42 -1 42 -1 42 -1 42 -1 42 -1 42 -1 42 -1 42 -1 42 -1 42 -1 42 -1 42 -1 42 -1 42 -1 42 -1 42 -1 42 -1 42 -1 42 -1 42 -1 42 -1 42 -1 42 -1 42 -1 42 -1 42 -1 42 -1 42 -1 42 -1 42 -1 54 -1 -2
42 -1 42 -1 46 -1 46 -1 46 -1 46 -1 46 -1 42 -1 42 -1 42 -1 46 -1 46 -1 46 -1 46 -1 46 -1 46 -1 46 -1 46 -1 42 -1 42 -1 42 -1 42 -1 46 -1 42 -1 42 -1 46 -1 42 -1 42 -1 42 -1 42 -1 42 -1 42 -1 42 -1 42 -1 42 -1 46 -1 42 -1 42 -1 42 -1 42 -1 42 -1 42 -1 -2
46 -1 46 -1 46 -1 46 -1 46 -1 46 -1 46 -1 46 -1 46 -1 46 -1 46 -1 46 -1 46 -1 46 -1 42 -1 42 -1 42 -1 42 -1 42 -1 42 -1 42 -1 42 -1 42 -1 42 -1 42 -1 42 -1 42 -1 42 -1 42 -1 42 -1 42 -1 42 -1 42 -1 42 -1 42 -1 42 -1 42 -1 42 -1 42 -1 42 -1 46 -1 42 -1 42 -1 42 -1 42 -1 43 -1 46 -1 42 -1 42 -1 42 -1 42 -1 42 -1 42 -1 42 -1 54 -1 -2
98 -1 46 -1 46 -1 46 -1 46 -1 46 -1 42 -1 42 -1 42 -1 42 -1 42 -1 42 -1 42 -1 46 -1 46 -1 46 -1 46 -1 46 -1 46 -1 46 -1 46 -1 46 -1 46 -1 46 -1 42 -1 42 -1 42 -1 42 -1 42 -1 42 -1 42 -1 -2
101 -1 98 -1 46 -1 46 -1 46 -1 46 -1 46 -1 46 -1 46 -1 46 -1 46 -1 46 -1 42 -1 42 -1 42 -1 42 -1 46 -1 42 -1 42 -1 42 -1 42 -1 46 -1 42 -1 42 -1 42 -1 42 -1 42 -1 46 -1 42 -1 42 -1 42 -1 46 -1 42 -1 42 -1 42 -1 -2
46 -1 46 -1 46 -1 42 -1 42 -1 42 -1 42 -1 46 -1 46 -1 46 -1 46 -1 46 -1 46 -1 46 -1 46 -1 42 -1 42 -1 42 -1 42 -1 42 -1 42 -1 42 -1 42 -1 42 -1 42 -1 42 -1 42 -1 42 -1 42 -1 42 -1 -2
46 -1 46 -1 46 -1 46 -1 46 -1 46 -1 46 -1 46 -1 46 -1 46 -1 46 -1 42 -1 42 -1 42 -1 42 -1 42 -1 42 -1 42 -1 42 -1 42 -1 42 -1 42 -1 42 -1 42 -1 42 -1 42 -1 42 -1 42 -1 42 -1 42 -1 42 -1 42 -1 42 -1 42 -1 42 -1 42 -1 42 -1 42 -1 42 -1 42 -1 42 -1 42 -1 42 -1 42 -1 42 -1 42 -1 42 -1 42 -1 42 -1 42 -1 42 -1 42 -1 42 -1 42 -1 -2
119 -1 116 -1 119 -1 46 -1 46 -1 46 -1 46 -1 46 -1 46 -1 46 -1 46 -1 46 -1 46 -1 46 -1 46 -1 46 -1 46 -1 42 -1 42 -1 42 -1 42 -1 42 -1 42 -1 42 -1 42 -1 42 -1 42 -1 42 -1 42 -1 42 -1 42 -1 42 -1 42 -1 42 -1 42 -1 42 -1 42 -1 42 -1 46 -1 46 -1 42 -1 42 -1 42 -1 42 -1 42 -1 42 -1 42 -1 42 -1 42 -1 42 -1 -2
125 -1 116 -1 104 -1 102 -1 46 -1 46 -1 46 -1 46 -1 46 -1 46 -1 46 -1 46 -1 46 -1 46 -1 46 -1 46 -1 46 -1 46 -1 42 -1 42 -1 42 -1 42 -1 42 -1 42 -1 42 -1 42 -1 42 -1 42 -1 42 -1 42 -1 42 -1 42 -1 42 -1 42 -1 42 -1 42 -1 42 -1 42 -1 42 -1 42 -1 42 -1 42 -1 42 -1 42 -1 42 -1 42 -1 42 -1 42 -1 42 -1 42 -1 42 -1 42 -1 42 -1 42 -1 42 -1 42 -1 42 -1 42 -1 54 -1 54 -1 54 -1 -2
46 -1 46 -1 46 -1 42 -1 42 -1 42 -1 46 -1 46 -1 42 -1 42 -1 42 -1 46 -1 42 -1 42 -1 42 -1 -2
46 -1 46 -1 46 -1 46 -1 46 -1 42 -1 42 -1 42 -1 42 -1 42 -1 42 -1 -2
46 -1 46 -1 46 -1 46 -1 46 -1 46 -1 46 -1 46 -1 46 -1 46 -1 42 -1 42 -1 42 -1 42 -1 42 -1 42 -1 42 -1 42 -1 42 -1 42 -1 42 -1 42 -1 46 -1 46 -1 46 -1 46 -1 46 -1 42 -1 42 -1 42 -1 42 -1 42 -1 42 -1 42 -1 42 -1 42 -1 42 -1 42 -1 42 -1 42 -1 42 -1 42 -1 42 -1 42 -1 42 -1 42 -1 42 -1 42 -1 42 -1 42 -1 42 -1 54 -1 -2
46 -1 46 -1 46 -1 46 -1 46 -1 46 -1 46 -1 46 -1 46 -1 46 -1 46 -1 42 -1 42 -1 42 -1 42 -1 42 -1 42 -1 42 -1 42 -1 42 -1 42 -1 42 -1 42 -1 42 -1 42 -1 42 -1 42 -1 42 -1 42 -1 42 -1 42 -1 42 -1 42 -1 42 -1 42 -1 42 -1 42 -1 42 -1 -2
46 -1 46 -1 46 -1 46 -1 46 -1 46 -1 46 -1 46 -1 46 -1 46 -1 42 -1 42 -1 42 -1 42 -1 42 -1 42 -1 42 -1 42 -1 42 -1 42 -1 42 -1 42 -1 42 -1 42 -1 42 -1 42 -1 -2
46 -1 46 -1 46 -1 46 -1 46 -1 46 -1 46 -1 46 -1 46 -1 46 -1 46 -1 42 -1 42 -1 42 -1 42 -1 42 -1 42 -1 42 -1 42 -1 42 -1 42 -1 42 -1 42 -1 42 -1 42 -1 42 -1 42 -1 42 -1 42 -1 42 -1 42 -1 42 -1 42 -1 42 -1 42 -1 -2
103 -1 96 -1 114 -1 104 -1 46 -1 46 -1 46 -1 46 -1 46 -1 46 -1 42 -1 42 -1 42 -1 46 -1 46 -1 46 -1 46 -1 46 -1 46 -1 42 -1 42 -1 42 -1 42 -1 42 -1 42 -1 42 -1 42 -1 42 -1 42 -1 42 -1 42 -1 42 -1 42 -1 42 -1 42 -1 42 -1 46 -1 46 -1 46 -1 46 -1 46 -1 42 -1 42 -1 42 -1 42 -1 42 -1 42 -1 42 -1 42 -1 42 -1 42 -1 42 -1 42 -1 50 -1 46 -1 42 -1 42 -1 42 -1 42 -1 42 -1 42 -1 42 -1 42 -1 54 -1 54 -1 54 -1 -2
46 -1 46 -1 46 -1 46 -1 46 -1 46 -1 46 -1 46 -1 46 -1 46 -1 46 -1 42 -1 42 -1 42 -1 42 -1 42 -1 42 -1 42 -1 42 -1 42 -1 42 -1 42 -1 42 -1 42 -1 42 -1 42 -1 42 -1 42 -1 42 -1 42 -1 42 -1 42 -1 42 -1 42 -1 42 -1 42 -1 42 -1 42 -1 -2
46 -1 46 -1 46 -1 46 -1 46 -1 46 -1 46 -1 46 -1 46 -1 46 -1 46 -1 42 -1 42 -1 42 -1 42 -1 42 -1 42 -1 42 -1 42 -1 42 -1 42 -1 42 -1 42 -1 42 -1 42 -1 42 -1 42 -1 42 -1 42 -1 42 -1 42 -1 42 -1 42 -1 42 -1 42 -1 42 -1 42 -1 42 -1 42 -1 -2
98 -1 46 -1 46 -1 46 -1 46 -1 46 -1 46 -1 42 -1 46 -1 46 -1 42 -1 46 -1 46 -1 46 -1 46 -1 42 -1 42 -1 42 -1 42 -1 42 -1 42 -1 42 -1 42 -1 42 -1 42 -1 42 -1 42 -1 42 -1 42 -1 42 -1 46 -1 46 -1 46 -1 46 -1 46 -1 46 -1 42 -1 42 -1 42 -1 42 -1 42 -1 42 -1 42 -1 42 -1 42 -1 42 -1 42 -1 42 -1 42 -1 42 -1 42 -1 42 -1 42 -1 42 -1 42 -1 42 -1 42 -1 42 -1 42 -1 42 -1 42 -1 42 -1 42 -1 42 -1 54 -1 -2
116 -1 98 -1 46 -1 46 -1 46 -1 46 -1 46 -1 46 -1 46 -1 46 -1 46 -1 46 -1 42 -1 42 -1 42 -1 42 -1 46 -1 46 -1 46 -1 46 -1 46 -1 46 -1 46 -1 42 -1 42 -1 42 -1 42 -1 42 -1 42 -1 42 -1 42 -1 42 -1 42 -1 42 -1 42 -1 42 -1 42 -1 42 -1 42 -1 42 -1 42 -1 42 -1 42 -1 42 -1 42 -1 42 -1 42 -1 42 -1 42 -1 42 -1 42 -1 42 -1 42 -1 42 -1 42 -1 42 -1 42 -1 42 -1 42 -1 42 -1 42 -1 42 -1 54 -1 -2
46 -1 46 -1 46 -1 46 -1 46 -1 46 -1 46 -1 46 -1 46 -1 46 -1 42 -1 42 -1 46 -1 46 -1 46 -1 46 -1 46 -1 46 -1 46 -1 46 -1 46 -1 46 -1 46 -1 46 -1 46 -1 46 -1 46 -1 46 -1 46 -1 46 -1 46 -1 42 -1 42 -1 42 -1 42 -1 42 -1 46 -1 54 -1 54 -1 54 -1 54 -1 54 -1 54 -1 54 -1 54 -1 50 -1 42 -1 42 -1 42 -1 42 -1 42 -1 42 -1 42 -1 42 -1 42 -1 42 -1 42 -1 42 -1 42 -1 42 -1 42 -1 42 -1 42 -1 42 -1 42 -1 42 -1 42 -1 42 -1 42 -1 42 -1 42 -1 42 -1 42 -1 42 -1 42 -1 42 -1 42 -1 42 -1 42 -1 42 -1 42 -1 42 -1 42 -1 42 -1 42 -1 42 -1 42 -1 54 -1 54 -1 54 -1 -2
46 -1 46 -1 46 -1 46 -1 46 -1 46 -1 46 -1 46 -1 46 -1 46 -1 46 -1 42 -1 42 -1 42 -1 42 -1 42 -1 42 -1 42 -1 42 -1 42 -1 42 -1 42 -1 42 -1 42 -1 42 -1 42 -1 42 -1 42 -1 42 -1 42 -1 42 -1 42 -1 42 -1 42 -1 42 -1 42 -1 42 -1 42 -1 42 -1 42 -1 42 -1 42 -1 42 -1 42 -1 42 -1 42 -1 42 -1 -2
118 -1 119 -1 116 -1 98 -1 46 -1 46 -1 46 -1 46 -1 46 -1 46 -1 46 -1 46 -1 46 -1 46 -1 42 -1 42 -1 42 -1 42 -1 42 -1 42 -1 42 -1 42 -1 42 -1 42 -1 42 -1 42 -1 42 -1 42 -1 42 -1 42 -1 -2
46 -1 46 -1 46 -1 46 -1 46 -1 46 -1 46 -1 46 -1 46 -1 46 -1 46 -1 46 -1 46 -1 46 -1 42 -1 42 -1 42 -1 42 -1 42 -1 42 -1 42 -1 42 -1 42 -1 42 -1 42 -1 42 -1 42 -1 42 -1 42 -1 42 -1 42 -1 42 -1 42 -1 42 -1 42 -1 42 -1 42 -1 42 -1 42 -1 42 -1 42 -1 42 -1 42 -1 42 -1 43 -1 43 -1 -2
46 -1 46 -1 46 -1 46 -1 46 -1 46 -1 46 -1 46 -1 46 -1 46 -1 46 -1 42 -1 42 -1 42 -1 42 -1 42 -1 42 -1 42 -1 42 -1 42 -1 42 -1 42 -1 42 -1 42 -1 42 -1 42 -1 42 -1 42 -1 42 -1 42 -1 42 -1 42 -1 42 -1 42 -1 42 -1 42 -1 42 -1 42 -1 42 -1 42 -1 46 -1 46 -1 46 -1 42 -1 42 -1 42 -1 42 -1 42 -1 42 -1 42 -1 42 -1 42 -1 42 -1 42 -1 42 -1 42 -1 42 -1 42 -1 42 -1 42 -1 42 -1 42 -1 42 -1 50 -1 54 -1 54 -1 54 -1 54 -1 -2
46 -1 46 -1 46 -1 46 -1 46 -1 46 -1 46 -1 46 -1 46 -1 46 -1 46 -1 42 -1 42 -1 42 -1 42 -1 42 -1 42 -1 42 -1 42 -1 42 -1 42 -1 42 -1 42 -1 42 -1 42 -1 42 -1 42 -1 42 -1 42 -1 42 -1 42 -1 42 -1 42 -1 42 -1 42 -1 -2
46 -1 46 -1 46 -1 46 -1 46 -1 46 -1 46 -1 46 -1 46 -1 46 -1 46 -1 46 -1 46 -1 42 -1 42 -1 42 -1 42 -1 42 -1 42 -1 42 -1 42 -1 42 -1 42 -1 42 -1 42 -1 42 -1 42 -1 42 -1 42 -1 42 -1 42 -1 42 -1 42 -1 42 -1 42 -1 42 -1 42 -1 42 -1 42 -1 42 -1 42 -1 42 -1 42 -1 42 -1 42 -1 42 -1 42 -1 42 -1 42 -1 54 -1 -2
46 -1 46 -1 46 -1 46 -1 46 -1 46 -1 46 -1 46 -1 46 -1 46 -1 42 -1 42 -1 42 -1 42 -1 42 -1 42 -1 42 -1 46 -1 46 -1 46 -1 46 -1 46 -1 46 -1 46 -1 46 -1 46 -1 46 -1 46 -1 46 -1 42 -1 42 -1 42 -1 42 -1 42 -1 42 -1 42 -1 42 -1 42 -1 42 -1 42 -1 42 -1 42 -1 42 -1 42 -1 42 -1 42 -1 42 -1 42 -1 42 -1 42 -1 42 -1 42 -1 42 -1 42 -1 42 -1 42 -1 42 -1 42 -1 42 -1 42 -1 50 -1 42 -1 42 -1 42 -1 42 -1 42 -1 42 -1 54 -1 54 -1 54 -1 54 -1 -2
46 -1 42 -1 42 -1 42 -1 42 -1 42 -1 -2
46 -1 46 -1 46 -1 46 -1 46 -1 46 -1 46 -1 46 -1 42 -1 42 -1 42 -1 42 -1 46 -1 46 -1 42 -1 42 -1 42 -1 42 -1 42 -1 42 -1 42 -1 42 -1 42 -1 42 -1 54 -1 46 -1 46 -1 46 -1 42 -1 42 -1 42 -1 42 -1 42 -1 42 -1 42 -1 42 -1 42 -1 42 -1 42 -1 42 -1 -2
46 -1 46 -1 46 -1 46 -1 46 -1 42 -1 42 -1 42 -1 42 -1 42 -1 46 -1 46 -1 46 -1 46 -1 46 -1 46 -1 46 -1 46 -1 46 -1 46 -1 46 -1 46 -1 46 -1 42 -1 42 -1 42 -1 42 -1 42 -1 42 -1 42 -1 42 -1 42 -1 42 -1 42 -1 42 -1 42 -1 42 -1 42 -1 42 -1 42 -1 42 -1 42 -1 42 -1 42 -1 42 -1 42 -1 42 -1 42 -1 42 -1 54 -1 -2
116 -1 46 -1 46 -1 46 -1 46 -1 46 -1 46 -1 46 -1 46 -1 46 -1 46 -1 42 -1 42 -1 42 -1 42 -1 42 -1 42 -1 46 -1 42 -1 42 -1 46 -1 46 -1 46 -1 46 -1 46 -1 46 -1 46 -1 96 -1 114 -1 46 -1 42 -1 98 -1 42 -1 42 -1 42 -1 42 -1 42 -1 42 -1 42 -1 42 -1 42 -1 42 -1 42 -1 42 -1 42 -1 42 -1 42 -1 42 -1 42 -1 42 -1 42 -1 42 -1 42 -1 42 -1 42 -1 42 -1 42 -1 42 -1 42 -1 42 -1 42 -1 42 -1 42 -1 42 -1 42 -1 42 -1 42 -1 42 -1 42 -1 42 -1 42 -1 42 -1 42 -1 42 -1 54 -1 54 -1 54 -1 50 -1 -2
98 -1 97 -1 96 -1 46 -1 46 -1 46 -1 42 -1 42 -1 42 -1 42 -1 46 -1 46 -1 46 -1 46 -1 46 -1 46 -1 46 -1 46 -1 46 -1 46 -1 46 -1 46 -1 46 -1 46 -1 42 -1 42 -1 42 -1 42 -1 42 -1 42 -1 42 -1 42 -1 42 -1 42 -1 42 -1 42 -1 42 -1 42 -1 42 -1 42 -1 42 -1 42 -1 42 -1 42 -1 42 -1 42 -1 42 -1 42 -1 42 -1 42 -1 42 -1 42 -1 42 -1 42 -1 42 -1 42 -1 42 -1 42 -1 42 -1 42 -1 42 -1 42 -1 42 -1 46 -1 54 -1 54 -1 -2
102 -1 114 -1 28 -1 98 -1 122 -1 42 -1 42 -1 47 -1 42 -1 42 -1 42 -1 42 -1 -2
104 -1 125 -1 116 -1 97 -1 114 -1 102 -1 46 -1 46 -1 46 -1 46 -1 46 -1 46 -1 42 -1 43 -1 47 -1 47 -1 48 -1 47 -1 47 -1 47 -1 50 -1 46 -1 46 -1 46 -1 42 -1 42 -1 54 -1 42 -1 42 -1 42 -1 46 -1 46 -1 46 -1 46 -1 46 -1 46 -1 42 -1 42 -1 42 -1 42 -1 42 -1 42 -1 42 -1 42 -1 42 -1 42 -1 42 -1 42 -1 42 -1 42 -1 42 -1 42 -1 42 -1 42 -1 42 -1 42 -1 42 -1 42 -1 42 -1 42 -1 42 -1 42 -1 42 -1 42 -1 42 -1 42 -1 42 -1 42 -1 42 -1 42 -1 42 -1 42 -1 42 -1 54 -1 54 -1 -2
46 -1 46 -1 46 -1 46 -1 46 -1 46 -1 46 -1 46 -1 46 -1 46 -1 46 -1 46 -1 42 -1 42 -1 42 -1 42 -1 42 -1 42 -1 42 -1 42 -1 42 -1 42 -1 42 -1 42 -1 42 -1 42 -1 42 -1 42 -1 42 -1 42 -1 42 -1 42 -1 42 -1 42 -1 42 -1 42 -1 42 -1 42 -1 42 -1 42 -1 42 -1 42 -1 42 -1 42 -1 42 -1 42 -1 42 -1 42 -1 42 -1 42 -1 42 -1 42 -1 42 -1 42 -1 42 -1 42 -1 42 -1 42 -1 42 -1 42 -1 42 -1 50 -1 54 -1 54 -1 54 -1 50 -1 50 -1 -2
97 -1 102 -1 101 -1 98 -1 46 -1 46 -1 46 -1 46 -1 46 -1 46 -1 46 -1 46 -1 46 -1 46 -1 54 -1 46 -1 46 -1 46 -1 42 -1 42 -1 42 -1 42 -1 42 -1 42 -1 42 -1 42 -1 42 -1 42 -1 42 -1 42 -1 42 -1 42 -1 42 -1 42 -1 42 -1 42 -1 42 -1 42 -1 42 -1 42 -1 42 -1 42 -1 42 -1 42 -1 42 -1 42 -1 42 -1 42 -1 42 -1 42 -1 42 -1 42 -1 42 -1 42 -1 42 -1 42 -1 42 -1 42 -1 42 -1 42 -1 42 -1 -2
98 -1 125 -1 116 -1 114 -1 117 -1 99 -1 96 -1 114 -1 46 -1 46 -1 46 -1 46 -1 46 -1 42 -1 42 -1 46 -1 42 -1 46 -1 46 -1 42 -1 42 -1 46 -1 46 -1 46 -1 46 -1 46 -1 42 -1 46 -1 42 -1 42 -1 46 -1 42 -1 42 -1 46 -1 42 -1 42 -1 46 -1 42 -1 42 -1 46 -1 42 -1 46 -1 42 -1 42 -1 46 -1 46 -1 42 -1 42 -1 42 -1 44 -1 42 -1 42 -1 42 -1 42 -1 42 -1 42 -1 42 -1 42 -1 42 -1 42 -1 -2
46 -1 46 -1 46 -1 42 -1 42 -1 43 -1 43 -1 43 -1 43 -1 43 -1 47 -1 47 -1 47 -1 47 -1 47 -1 46 -1 46 -1 46 -1 46 -1 46 -1 46 -1 42 -1 42 -1 42 -1 42 -1 42 -1 42 -1 42 -1 42 -1 42 -1 42 -1 42 -1 42 -1 42 -1 42 -1 42 -1 42 -1 42 -1 42 -1 42 -1 42 -1 42 -1 42 -1 42 -1 42 -1 42 -1 -2
98 -1 119 -1 28 -1 116 -1 122 -1 46 -1 46 -1 46 -1 46 -1 46 -1 46 -1 46 -1 46 -1 46 -1 46 -1 46 -1 46 -1 46 -1 46 -1 42 -1 96 -1 42 -1 42 -1 42 -1 42 -1 42 -1 42 -1 42 -1 42 -1 42 -1 42 -1 42 -1 42 -1 42 -1 42 -1 42 -1 42 -1 42 -1 42 -1 42 -1 42 -1 42 -1 42 -1 42 -1 42 -1 42 -1 42 -1 42 -1 42 -1 42 -1 42 -1 42 -1 42 -1 42 -1 42 -1 42 -1 42 -1 42 -1 42 -1 42 -1 42 -1 42 -1 42 -1 42 -1 42 -1 46 -1 54 -1 54 -1 -2
12 -1 115 -1 96 -1 98 -1 46 -1 46 -1 46 -1 46 -1 46 -1 46 -1 46 -1 46 -1 46 -1 46 -1 46 -1 46 -1 46 -1 46 -1 46 -1 42 -1 42 -1 42 -1 42 -1 42 -1 42 -1 42 -1 42 -1 42 -1 42 -1 42 -1 42 -1 42 -1 42 -1 42 -1 42 -1 42 -1 42 -1 42 -1 42 -1 42 -1 42 -1 42 -1 42 -1 42 -1 42 -1 42 -1 42 -1 42 -1 42 -1 42 -1 42 -1 42 -1 42 -1 42 -1 42 -1 42 -1 42 -1 42 -1 42 -1 42 -1 42 -1 42 -1 42 -1 42 -1 42 -1 42 -1 42 -1 54 -1 -2
12 -1 104 -1 115 -1 102 -1 46 -1 46 -1 46 -1 46 -1 46 -1 46 -1 46 -1 46 -1 46 -1 50 -1 42 -1 42 -1 42 -1 42 -1 46 -1 46 -1 46 -1 46 -1 46 -1 46 -1 46 -1 42 -1 42 -1 42 -1 48 -1 47 -1 47 -1 47 -1 42 -1 42 -1 42 -1 42 -1 42 -1 42 -1 42 -1 42 -1 42 -1 42 -1 42 -1 42 -1 42 -1 42 -1 42 -1 42 -1 42 -1 42 -1 42 -1 42 -1 42 -1 42 -1 42 -1 42 -1 42 -1 42 -1 42 -1 42 -1 42 -1 42 -1 42 -1 42 -1 42 -1 42 -1 42 -1 42 -1 42 -1 42 -1 42 -1 42 -1 54 -1 54 -1 -2
46 -1 42 -1 46 -1 46 -1 42 -1 42 -1 42 -1 46 -1 46 -1 46 -1 46 -1 42 -1 46 -1 46 -1 46 -1 46 -1 46 -1 46 -1 42 -1 42 -1 42 -1 30 -1 27 -1 25 -1 115 -1 97 -1 96 -1 46 -1 46 -1 42 -1 42 -1 42 -1 42 -1 42 -1 42 -1 42 -1 42 -1 46 -1 44 -1 44 -1 47 -1 46 -1 47 -1 42 -1 42 -1 46 -1 42 -1 42 -1 46 -1 42 -1 42 -1 42 -1 42 -1 46 -1 46 -1 42 -1 42 -1 42 -1 42 -1 42 -1 42 -1 42 -1 42 -1 42 -1 42 -1 42 -1 -2
46 -1 46 -1 46 -1 46 -1 46 -1 46 -1 46 -1 46 -1 46 -1 46 -1 42 -1 42 -1 42 -1 42 -1 42 -1 42 -1 46 -1 46 -1 46 -1 42 -1 42 -1 42 -1 42 -1 42 -1 42 -1 42 -1 42 -1 47 -1 47 -1 42 -1 42 -1 42 -1 42 -1 46 -1 42 -1 42 -1 42 -1 42 -1 42 -1 42 -1 46 -1 42 -1 42 -1 46 -1 42 -1 46 -1 46 -1 42 -1 42 -1 42 -1 42 -1 42 -1 42 -1 42 -1 42 -1 42 -1 42 -1 42 -1 -2
42 -1 42 -1 42 -1 42 -1 42 -1 -2
98 -1 102 -1 46 -1 46 -1 46 -1 46 -1 46 -1 46 -1 46 -1 46 -1 46 -1 46 -1 42 -1 42 -1 42 -1 42 -1 42 -1 42 -1 42 -1 42 -1 42 -1 42 -1 42 -1 42 -1 42 -1 46 -1 42 -1 42 -1 42 -1 42 -1 42 -1 42 -1 42 -1 42 -1 -2
98 -1 96 -1 46 -1 46 -1 46 -1 46 -1 46 -1 43 -1 43 -1 43 -1 43 -1 46 -1 46 -1 46 -1 46 -1 46 -1 46 -1 42 -1 42 -1 42 -1 42 -1 42 -1 42 -1 42 -1 42 -1 42 -1 42 -1 42 -1 42 -1 42 -1 42 -1 42 -1 42 -1 42 -1 42 -1 42 -1 42 -1 42 -1 42 -1 42 -1 42 -1 42 -1 42 -1 -2
42 -1 42 -1 50 -1 46 -1 42 -1 42 -1 42 -1 46 -1 46 -1 42 -1 -2
23 -1 116 -1 17 -1 115 -1 102 -1 46 -1 46 -1 46 -1 46 -1 42 -1 42 -1 42 -1 42 -1 42 -1 42 -1 46 -1 46 -1 46 -1 42 -1 42 -1 42 -1 46 -1 46 -1 46 -1 46 -1 42 -1 121 -1 46 -1 46 -1 46 -1 46 -1 42 -1 42 -1 42 -1 42 -1 42 -1 42 -1 42 -1 42 -1 42 -1 42 -1 42 -1 46 -1 42 -1 42 -1 42 -1 42 -1 42 -1 42 -1 42 -1 46 -1 42 -1 42 -1 42 -1 42 -1 42 -1 42 -1 42 -1 -2
116 -1 102 -1 46 -1 46 -1 46 -1 46 -1 46 -1 46 -1 46 -1 46 -1 46 -1 46 -1 46 -1 42 -1 42 -1 42 -1 42 -1 42 -1 42 -1 42 -1 42 -1 42 -1 42 -1 42 -1 42 -1 42 -1 42 -1 42 -1 42 -1 42 -1 42 -1 42 -1 42 -1 42 -1 42 -1 42 -1 42 -1 42 -1 42 -1 42 -1 46 -1 42 -1 50 -1 46 -1 46 -1 42 -1 42 -1 42 -1 42 -1 42 -1 42 -1 54 -1 -2
42 -1 46 -1 42 -1 46 -1 42 -1 42 -1 46 -1 46 -1 42 -1 46 -1 46 -1 42 -1 46 -1 46 -1 42 -1 42 -1 46 -1 42 -1 42 -1 46 -1 46 -1 42 -1 -2
46 -1 46 -1 46 -1 46 -1 46 -1 46 -1 46 -1 46 -1 42 -1 42 -1 46 -1 46 -1 46 -1 47 -1 46 -1 46 -1 42 -1 42 -1 42 -1 42 -1 42 -1 42 -1 42 -1 42 -1 42 -1 42 -1 42 -1 46 -1 46 -1 42 -1 42 -1 42 -1 42 -1 42 -1 42 -1 42 -1 42 -1 42 -1 42 -1 42 -1 42 -1 46 -1 42 -1 42 -1 42 -1 42 -1 42 -1 42 -1 42 -1 46 -1 42 -1 42 -1 42 -1 -2
116 -1 98 -1 102 -1 46 -1 46 -1 46 -1 46 -1 46 -1 46 -1 46 -1 46 -1 46 -1 46 -1 42 -1 46 -1 42 -1 42 -1 46 -1 42 -1 46 -1 42 -1 42 -1 42 -1 42 -1 42 -1 42 -1 42 -1 42 -1 42 -1 42 -1 42 -1 42 -1 42 -1 42 -1 42 -1 42 -1 42 -1 42 -1 -2
46 -1 46 -1 46 -1 46 -1 46 -1 42 -1 42 -1 46 -1 42 -1 42 -1 42 -1 42 -1 46 -1 46 -1 46 -1 46 -1 46 -1 42 -1 42 -1 42 -1 42 -1 42 -1 42 -1 42 -1 42 -1 42 -1 42 -1 42 -1 -2
98 -1 96 -1 46 -1 46 -1 46 -1 46 -1 46 -1 46 -1 46 -1 46 -1 46 -1 46 -1 46 -1 46 -1 46 -1 46 -1 42 -1 42 -1 42 -1 42 -1 42 -1 42 -1 42 -1 42 -1 42 -1 42 -1 42 -1 42 -1 42 -1 42 -1 42 -1 42 -1 42 -1 42 -1 42 -1 42 -1 42 -1 42 -1 42 -1 42 -1 42 -1 42 -1 42 -1 42 -1 42 -1 42 -1 42 -1 42 -1 42 -1 42 -1 42 -1 42 -1 -2
116 -1 119 -1 116 -1 98 -1 46 -1 46 -1 46 -1 46 -1 46 -1 46 -1 46 -1 46 -1 46 -1 46 -1 46 -1 42 -1 42 -1 42 -1 42 -1 42 -1 42 -1 42 -1 42 -1 42 -1 42 -1 42 -1 42 -1 42 -1 42 -1 42 -1 42 -1 42 -1 42 -1 42 -1 42 -1 42 -1 42 -1 42 -1 42 -1 -2
46 -1 46 -1 46 -1 42 -1 42 -1 42 -1 46 -1 46 -1 46 -1 46 -1 46 -1 46 -1 46 -1 46 -1 46 -1 42 -1 42 -1 42 -1 42 -1 42 -1 42 -1 42 -1 42 -1 42 -1 42 -1 42 -1 42 -1 42 -1 42 -1 42 -1 42 -1 42 -1 42 -1 42 -1 42 -1 42 -1 42 -1 42 -1 42 -1 42 -1 42 -1 42 -1 42 -1 42 -1 -2
46 -1 46 -1 46 -1 46 -1 46 -1 46 -1 46 -1 46 -1 42 -1 42 -1 42 -1 42 -1 42 -1 46 -1 46 -1 46 -1 42 -1 42 -1 42 -1 42 -1 42 -1 42 -1 42 -1 42 -1 46 -1 46 -1 46 -1 46 -1 46 -1 42 -1 42 -1 42 -1 42 -1 42 -1 42 -1 42 -1 42 -1 42 -1 42 -1 42 -1 42 -1 42 -1 42 -1 42 -1 42 -1 42 -1 42 -1 42 -1 -2
46 -1 46 -1 46 -1 46 -1 46 -1 46 -1 46 -1 46 -1 46 -1 46 -1 46 -1 42 -1 42 -1 42 -1 42 -1 46 -1 47 -1 42 -1 42 -1 42 -1 42 -1 42 -1 42 -1 42 -1 44 -1 44 -1 42 -1 42 -1 42 -1 42 -1 42 -1 42 -1 42 -1 42 -1 42 -1 42 -1 42 -1 42 -1 42 -1 42 -1 42 -1 -2
46 -1 46 -1 46 -1 46 -1 46 -1 46 -1 46 -1 46 -1 46 -1 46 -1 46 -1 42 -1 42 -1 42 -1 42 -1 42 -1 42 -1 42 -1 42 -1 42 -1 42 -1 42 -1 42 -1 42 -1 42 -1 42 -1 42 -1 42 -1 42 -1 42 -1 42 -1 42 -1 42 -1 42 -1 42 -1 42 -1 42 -1 42 -1 42 -1 42 -1 42 -1 42 -1 42 -1 42 -1 42 -1 42 -1 -2
43 -1 42 -1 44 -1 46 -1 46 -1 46 -1 118 -1 124 -1 121 -1 100 -1 98 -1 92 -1 116 -1 114 -1 46 -1 46 -1 46 -1 46 -1 46 -1 46 -1 46 -1 46 -1 46 -1 46 -1 46 -1 46 -1 46 -1 46 -1 46 -1 46 -1 42 -1 42 -1 42 -1 42 -1 42 -1 42 -1 42 -1 42 -1 42 -1 42 -1 42 -1 42 -1 42 -1 42 -1 42 -1 42 -1 42 -1 42 -1 42 -1 42 -1 42 -1 42 -1 42 -1 42 -1 42 -1 42 -1 42 -1 42 -1 42 -1 42 -1 124 -1 42 -1 12 -1 121 -1 13 -1 115 -1 124 -1 115 -1 94 -1 93 -1 42 -1 42 -1 42 -1 42 -1 42 -1 42 -1 42 -1 42 -1 42 -1 42 -1 42 -1 42 -1 42 -1 42 -1 42 -1 42 -1 55 -1 47 -1 54 -1 47 -1 47 -1 54 -1 54 -1 -2
15 -1 115 -1 100 -1 91 -1 114 -1 99 -1 96 -1 119 -1 116 -1 119 -1 98 -1 46 -1 46 -1 46 -1 46 -1 46 -1 46 -1 46 -1 46 -1 46 -1 46 -1 46 -1 46 -1 46 -1 46 -1 46 -1 46 -1 46 -1 46 -1 46 -1 46 -1 46 -1 52 -1 52 -1 52 -1 42 -1 42 -1 42 -1 42 -1 42 -1 42 -1 42 -1 42 -1 42 -1 42 -1 42 -1 42 -1 42 -1 42 -1 42 -1 42 -1 50 -1 42 -1 42 -1 42 -1 42 -1 42 -1 42 -1 42 -1 42 -1 42 -1 42 -1 42 -1 42 -1 42 -1 42 -1 42 -1 42 -1 42 -1 42 -1 42 -1 50 -1 42 -1 42 -1 42 -1 42 -1 43 -1 43 -1 43 -1 43 -1 43 -1 43 -1 43 -1 43 -1 44 -1 44 -1 44 -1 44 -1 55 -1 57 -1 43 -1 43 -1 43 -1 43 -1 25 -1 27 -1 29 -1 30 -1 31 -1 32 -1 33 -1 92 -1 122 -1 98 -1 92 -1 43 -1 -2
